Mot	CompteLocal	CompteGlobal	Différence	Lafon
移	12	2	10	7.6198
帮助	42	8	34	6.6674
手	18	6	12	3.8099
悖	2	1	1	2.5399
存在主义	12	6	6	2.5399
词条	36	18	18	2.5399
獨立	12	6	6	2.5399
世纪	22	11	11	2.5399
1释义	12	6	6	2.5399
p	8	4	4	2.5399
☆	40	20	20	2.5399
全站	36	18	18	2.5399
域	12	6	6	2.5399
音	12	6	6	2.5399
拼	12	6	6	2.5399
代	14	8	6	2.2225
侧栏	30	18	12	2.1166
戰爭	12	8	4	1.9050
搜索	78	56	22	1.7689
名	24	18	6	1.6933
義	24	18	6	1.6933
隐藏	24	18	6	1.6933
中文	24	18	6	1.6933
外文名	30	24	6	1.5875
汉语	29	24	5	1.5346
展示	6	5	1	1.5240
x	20	17	3	1.4941
题	14	12	2	1.4816
自由市	14	12	2	1.4816
思维	14	12	2	1.4816
自由市场	14	12	2	1.4816
人物	14	12	2	1.4816
0	18	16	2	1.4287
宣言	22	20	2	1.3970
大革命	20	19	1	1.3368
科学	6	6	0	1.2700
全人类	6	6	0	1.2700
难	6	6	0	1.2700
补	6	6	0	1.2700
预定论	6	6	0	1.2700
法庭	2	2	0	1.2700
學派	6	6	0	1.2700
二月	6	6	0	1.2700
伊	6	6	0	1.2700
想到	6	6	0	1.2700
清蒲	1	1	0	1.2700
地區	6	6	0	1.2700
坚	6	6	0	1.2700
启蒙运动	6	6	0	1.2700
界定	6	6	0	1.2700
逐步	6	6	0	1.2700
奥古斯丁	6	6	0	1.2700
最终	6	6	0	1.2700
老年人	1	1	0	1.2700
完	6	6	0	1.2700
偏	12	12	0	1.2700
患者	6	6	0	1.2700
干预	4	4	0	1.2700
優惠	6	6	0	1.2700
經	12	12	0	1.2700
词本	2	2	0	1.2700
追问什	6	6	0	1.2700
計划	6	6	0	1.2700
养	6	6	0	1.2700
周海	6	6	0	1.2700
伤害	6	6	0	1.2700
然	6	6	0	1.2700
數派	8	8	0	1.2700
追究	2	2	0	1.2700
注定	6	6	0	1.2700
确立	6	6	0	1.2700
背叛	6	6	0	1.2700
主权	6	6	0	1.2700
亨利	6	6	0	1.2700
choice	12	12	0	1.2700
冯契写道	6	6	0	1.2700
逮捕	6	6	0	1.2700
灭	6	6	0	1.2700
然性	2	2	0	1.2700
歡愉	6	6	0	1.2700
辩证	2	2	0	1.2700
自由观	6	6	0	1.2700
一举一动	6	6	0	1.2700
通	6	6	0	1.2700
敌视国	6	6	0	1.2700
殘酷	6	6	0	1.2700
态度	8	8	0	1.2700
參政	1	1	0	1.2700
态	2	2	0	1.2700
科	6	6	0	1.2700
合国	2	2	0	1.2700
含	6	6	0	1.2700
总体	2	2	0	1.2700
程	6	6	0	1.2700
类型	6	6	0	1.2700
權威	2	2	0	1.2700
實面	6	6	0	1.2700
暴力	2	2	0	1.2700
外在	6	6	0	1.2700
扭曲	8	8	0	1.2700
稱為福	6	6	0	1.2700
立	12	12	0	1.2700
─┤	12	12	0	1.2700
緣起法	1	1	0	1.2700
唯心主义	12	12	0	1.2700
干扰	6	6	0	1.2700
联合国	2	2	0	1.2700
提示	6	6	0	1.2700
负责	2	2	0	1.2700
宿命论	6	6	0	1.2700
引入	6	6	0	1.2700
意識型	6	6	0	1.2700
鬆散	6	6	0	1.2700
應減	6	6	0	1.2700
本性	6	6	0	1.2700
这儿	6	6	0	1.2700
承認	6	6	0	1.2700
实施	4	4	0	1.2700
用作	6	6	0	1.2700
把握	6	6	0	1.2700
賺錢	6	6	0	1.2700
1947年	6	6	0	1.2700
一種德性	1	1	0	1.2700
每	6	6	0	1.2700
论述	6	6	0	1.2700
參見	6	6	0	1.2700
情緒病	6	6	0	1.2700
徒当然	6	6	0	1.2700
與強	2	2	0	1.2700
无	48	48	0	1.2700
享受	6	6	0	1.2700
信	4	4	0	1.2700
現象	1	1	0	1.2700
晋袁宏	2	2	0	1.2700
日語	6	6	0	1.2700
范式	2	2	0	1.2700
分类	10	10	0	1.2700
唯心	6	6	0	1.2700
整个	6	6	0	1.2700
舉例	12	12	0	1.2700
帝國	6	6	0	1.2700
還沒	6	6	0	1.2700
扼杀	6	6	0	1.2700
對戰爭	6	6	0	1.2700
樣	6	6	0	1.2700
酷刑	6	6	0	1.2700
140	1	1	0	1.2700
西	6	6	0	1.2700
形而上学	6	6	0	1.2700
1789年	6	6	0	1.2700
处	4	4	0	1.2700
確認	6	6	0	1.2700
有着	6	6	0	1.2700
发	12	12	0	1.2700
资本	6	6	0	1.2700
為意願	6	6	0	1.2700
培养	6	6	0	1.2700
Yellow	6	6	0	1.2700
範圍	6	6	0	1.2700
味	6	6	0	1.2700
社會現	6	6	0	1.2700
拘禁	6	6	0	1.2700
专制者	6	6	0	1.2700
故事	6	6	0	1.2700
英国	6	6	0	1.2700
组建	6	6	0	1.2700
群特權	2	2	0	1.2700
状	1	1	0	1.2700
著長期	6	6	0	1.2700
總統	6	6	0	1.2700
恩格斯	6	6	0	1.2700
自由度	6	6	0	1.2700
进步	4	4	0	1.2700
聽	6	6	0	1.2700
主張若決	2	2	0	1.2700
马	6	6	0	1.2700
走极端	6	6	0	1.2700
此时	2	2	0	1.2700
记者	12	12	0	1.2700
氛围	6	6	0	1.2700
體	6	6	0	1.2700
平民化	6	6	0	1.2700
高尚	12	12	0	1.2700
议会	6	6	0	1.2700
犯	6	6	0	1.2700
面壁	6	6	0	1.2700
恢復	6	6	0	1.2700
傾向	2	2	0	1.2700
自願	6	6	0	1.2700
神祇	6	6	0	1.2700
纽带	6	6	0	1.2700
屬美洲	6	6	0	1.2700
自由女神	12	12	0	1.2700
意指	6	6	0	1.2700
联网	6	6	0	1.2700
力	6	6	0	1.2700
左	12	12	0	1.2700
普通法	6	6	0	1.2700
进	12	12	0	1.2700
一派	6	6	0	1.2700
生长	2	2	0	1.2700
张扬	2	2	0	1.2700
舉動	2	2	0	1.2700
借	6	6	0	1.2700
flag	6	6	0	1.2700
大地	6	6	0	1.2700
纵视	6	6	0	1.2700
百度	18	18	0	1.2700
1946年	2	2	0	1.2700
死刑	2	2	0	1.2700
背	6	6	0	1.2700
鸿沟	6	6	0	1.2700
指数	6	6	0	1.2700
Kane	6	6	0	1.2700
手工	6	6	0	1.2700
宿命	2	2	0	1.2700
干	6	6	0	1.2700
調節	2	2	0	1.2700
公	6	6	0	1.2700
仍旧	6	6	0	1.2700
唯物主义	12	12	0	1.2700
华盛顿	6	6	0	1.2700
印度教	6	6	0	1.2700
主动性	2	2	0	1.2700
21	3	3	0	1.2700
先天	12	12	0	1.2700
马尔库斯	2	2	0	1.2700
侈	6	6	0	1.2700
新手	2	2	0	1.2700
运动	4	4	0	1.2700
储安平	2	2	0	1.2700
解	4	4	0	1.2700
則為	6	6	0	1.2700
缺陷	6	6	0	1.2700
所有成	2	2	0	1.2700
說法	6	6	0	1.2700
ALDE	6	6	0	1.2700
反君主主义	6	6	0	1.2700
隱私	12	12	0	1.2700
主義卻	2	2	0	1.2700
事業	6	6	0	1.2700
集體	2	2	0	1.2700
了解	4	4	0	1.2700
制多	8	8	0	1.2700
反应	2	2	0	1.2700
天主	12	12	0	1.2700
定论者	6	6	0	1.2700
education	12	12	0	1.2700
完美	8	8	0	1.2700
不可方物	6	6	0	1.2700
發生	2	2	0	1.2700
國籍	12	12	0	1.2700
宪政主义	6	6	0	1.2700
匱乏	6	6	0	1.2700
公正	6	6	0	1.2700
松龄	1	1	0	1.2700
土地	6	6	0	1.2700
視資	6	6	0	1.2700
諧	1	1	0	1.2700
国界	12	12	0	1.2700
─┼	6	6	0	1.2700
抑制	6	6	0	1.2700
News	6	6	0	1.2700
系列	6	6	0	1.2700
則產	6	6	0	1.2700
上路	2	2	0	1.2700
時常	6	6	0	1.2700
发布	6	6	0	1.2700
配	6	6	0	1.2700
孟德斯鸠	6	6	0	1.2700
刑罰	6	6	0	1.2700
達	6	6	0	1.2700
应有	6	6	0	1.2700
相等	1	1	0	1.2700
扮演	6	6	0	1.2700
變	6	6	0	1.2700
放弃	6	6	0	1.2700
依賴	2	2	0	1.2700
數族	2	2	0	1.2700
Stewardship	6	6	0	1.2700
壁鸠	6	6	0	1.2700
義號	4	4	0	1.2700
君主立宪制	6	6	0	1.2700
面前	12	12	0	1.2700
下半叶	6	6	0	1.2700
约束	2	2	0	1.2700
防御	2	2	0	1.2700
CALD	6	6	0	1.2700
求	6	6	0	1.2700
發表	2	2	0	1.2700
占据	6	6	0	1.2700
剥削	2	2	0	1.2700
LGBT權利	12	12	0	1.2700
实事求是	6	6	0	1.2700
極大	6	6	0	1.2700
闪现	6	6	0	1.2700
用以	6	6	0	1.2700
提倡者	12	12	0	1.2700
维基百科	6	6	0	1.2700
环境	6	6	0	1.2700
手段	2	2	0	1.2700
转换	6	6	0	1.2700
哪	6	6	0	1.2700
為國	6	6	0	1.2700
員國	2	2	0	1.2700
主題	6	6	0	1.2700
罗斯福	6	6	0	1.2700
活動	6	6	0	1.2700
優先	6	6	0	1.2700
詞彙	2	2	0	1.2700
礎	6	6	0	1.2700
议题	2	2	0	1.2700
乔治主义	6	6	0	1.2700
崇拜	6	6	0	1.2700
失業率	2	2	0	1.2700
結婚	12	12	0	1.2700
據	6	6	0	1.2700
分裂	6	6	0	1.2700
義者	12	12	0	1.2700
恒常	6	6	0	1.2700
接受者	2	2	0	1.2700
本來	2	2	0	1.2700
相連	6	6	0	1.2700
积	12	12	0	1.2700
人身自由	18	18	0	1.2700
入	6	6	0	1.2700
time	6	6	0	1.2700
奧地利	6	6	0	1.2700
无疑	6	6	0	1.2700
全球性	6	6	0	1.2700
案則	6	6	0	1.2700
某事	6	6	0	1.2700
開放	2	2	0	1.2700
resize	6	6	0	1.2700
張相	2	2	0	1.2700
匯率	2	2	0	1.2700
有力	6	6	0	1.2700
中性词	2	2	0	1.2700
斯主義	6	6	0	1.2700
自行	2	2	0	1.2700
民	38	40	-2	1.2065
重	22	24	-2	1.1641
非決定	10	11	-1	1.1545
贝克	10	11	-1	1.1545
毕达哥拉斯	10	11	-1	1.1545
實現	10	11	-1	1.1545
應負	10	11	-1	1.1545
思	10	11	-1	1.1545
欧洲	10	11	-1	1.1545
仅仅	10	11	-1	1.1545
戀愛	32	36	-4	1.1289
安全	8	9	-1	1.1289
穆勒	14	16	-2	1.1112
奴役	28	32	-4	1.1112
进入	26	30	-4	1.1006
of	62	72	-10	1.0936
转载	12	14	-2	1.0885
本文	6	7	-1	1.0885
態度	6	7	-1	1.0885
生存	50	59	-9	1.0762
免於	66	78	-12	1.0746
●	42	50	-8	1.0668
产生	50	60	-10	1.0583
禁锢	5	6	-1	1.0583
度	10	12	-2	1.0583
信任	20	24	-4	1.0583
迁徙	60	72	-12	1.0583
市場	20	24	-4	1.0583
处于	20	24	-4	1.0583
］	5	6	-1	1.0583
提要	10	12	-2	1.0583
言	20	24	-4	1.0583
其中	20	24	-4	1.0583
相容论	20	24	-4	1.0583
出入境	20	24	-4	1.0583
软件	20	24	-4	1.0583
結社	104	125	-21	1.0566
自由主义	152	183	-31	1.0548
法国	34	41	-7	1.0531
天地	34	41	-7	1.0531
至	68	82	-14	1.0531
接	24	29	-5	1.0510
法國	24	29	-5	1.0510
組織	24	29	-5	1.0510
相反	28	34	-6	1.0459
集會	74	90	-16	1.0442
主义	18	22	-4	1.0391
同意	72	88	-16	1.0391
目	40	49	-9	1.0367
词语	24	30	-6	1.0160
错误	4	5	-1	1.0160
掛勾	4	5	-1	1.0160
蔡元培	4	5	-1	1.0160
題事	4	5	-1	1.0160
性別	4	5	-1	1.0160
毒品	4	5	-1	1.0160
認知	16	20	-4	1.0160
平衡點	4	5	-1	1.0160
私有化	4	5	-1	1.0160
軍隊	4	5	-1	1.0160
斯米茨	4	5	-1	1.0160
互相	4	5	-1	1.0160
至于	4	5	-1	1.0160
特權	4	5	-1	1.0160
阻止	4	5	-1	1.0160
傷害	4	5	-1	1.0160
補貼	4	5	-1	1.0160
這派	4	5	-1	1.0160
憧憬	4	5	-1	1.0160
權力	4	5	-1	1.0160
國教	4	5	-1	1.0160
德国	4	5	-1	1.0160
干預	4	5	-1	1.0160
間尋	4	5	-1	1.0160
妥瑞症	4	5	-1	1.0160
差异	4	5	-1	1.0160
制定	4	5	-1	1.0160
福音书	4	5	-1	1.0160
后续	4	5	-1	1.0160
1718年	8	10	-2	1.0160
壓力	4	5	-1	1.0160
2019年	4	5	-1	1.0160
伊斯兰教	4	5	-1	1.0160
当时	16	20	-4	1.0160
名称	4	5	-1	1.0160
這個問	4	5	-1	1.0160
引發	4	5	-1	1.0160
少	16	20	-4	1.0160
愿	4	5	-1	1.0160
党	4	5	-1	1.0160
联	4	5	-1	1.0160
共产主义	4	5	-1	1.0160
缘起法	4	5	-1	1.0160
哈	4	5	-1	1.0160
規模	4	5	-1	1.0160
引起	4	5	-1	1.0160
篇	4	5	-1	1.0160
比方	4	5	-1	1.0160
共和党	4	5	-1	1.0160
之所以	4	5	-1	1.0160
找	4	5	-1	1.0160
组成部分	4	5	-1	1.0160
類意識	4	5	-1	1.0160
［	8	10	-2	1.0160
知	4	5	-1	1.0160
参见贡斯当	4	5	-1	1.0160
服務	16	20	-4	1.0160
形	4	5	-1	1.0160
狀況	4	5	-1	1.0160
國有化	4	5	-1	1.0160
擁護者	4	5	-1	1.0160
介入	4	5	-1	1.0160
此外	4	5	-1	1.0160
富兰克林	4	5	-1	1.0160
常備	4	5	-1	1.0160
自由民主	4	5	-1	1.0160
極具	4	5	-1	1.0160
文件	4	5	-1	1.0160
末	4	5	-1	1.0160
馬爾庫斯	4	5	-1	1.0160
強迫	4	5	-1	1.0160
進	4	5	-1	1.0160
顯而易見	4	5	-1	1.0160
水平	4	5	-1	1.0160
倘若	4	5	-1	1.0160
宏观	4	5	-1	1.0160
强迫	12	15	-3	1.0160
语	4	5	-1	1.0160
常人	4	5	-1	1.0160
負	4	5	-1	1.0160
摩尔	4	5	-1	1.0160
取代	4	5	-1	1.0160
非集體	4	5	-1	1.0160
結盟	4	5	-1	1.0160
恒知	4	5	-1	1.0160
样	4	5	-1	1.0160
批評者	16	20	-4	1.0160
观察	4	5	-1	1.0160
兩者	4	5	-1	1.0160
毛澤東	4	5	-1	1.0160
学术	62	78	-16	1.0095
之中	46	58	-12	1.0072
互联网	38	48	-10	1.0054
百科全书	76	96	-20	1.0054
）	486	614	-128	1.0052
□	144	182	-38	1.0048
自由	2904	3688	-784	1.0000
•	2448	3110	-662	0.9996
由	118	150	-32	0.9990
右派	22	28	-6	0.9978
實	22	28	-6	0.9978
地位	18	23	-5	0.9939
生命	36	46	-10	0.9939
任	18	23	-5	0.9939
越是	18	23	-5	0.9939
革命	36	46	-10	0.9939
強烈	18	23	-5	0.9939
档案馆	36	46	-10	0.9939
歧視	18	23	-5	0.9939
方式	18	23	-5	0.9939
力量	32	41	-9	0.9912
之类	14	18	-4	0.9878
出现	14	18	-4	0.9878
門檻	14	18	-4	0.9878
場	14	18	-4	0.9878
%	14	18	-4	0.9878
接受	42	54	-12	0.9878
書	14	18	-4	0.9878
當	14	18	-4	0.9878
颗	14	18	-4	0.9878
目标	14	18	-4	0.9878
德观	14	18	-4	0.9878
與社	14	18	-4	0.9878
括道德觀	14	18	-4	0.9878
大都	14	18	-4	0.9878
其他人	14	18	-4	0.9878
標準	14	18	-4	0.9878
Morphological	28	36	-8	0.9878
某些	14	18	-4	0.9878
icon	28	36	-8	0.9878
别	14	18	-4	0.9878
環境	14	18	-4	0.9878
观	14	18	-4	0.9878
建造	14	18	-4	0.9878
生差	14	18	-4	0.9878
日常	14	18	-4	0.9878
实际	14	18	-4	0.9878
主题	28	36	-8	0.9878
坚持	14	18	-4	0.9878
標語	14	18	-4	0.9878
结社	14	18	-4	0.9878
抗議	14	18	-4	0.9878
狀態	14	18	-4	0.9878
无法	14	18	-4	0.9878
基督	14	18	-4	0.9878
得知	14	18	-4	0.9878
渊源	28	36	-8	0.9878
私人	14	18	-4	0.9878
互	14	18	-4	0.9878
議	14	18	-4	0.9878
允许	14	18	-4	0.9878
第	14	18	-4	0.9878
基	14	18	-4	0.9878
拉丁美洲	14	18	-4	0.9878
道	14	18	-4	0.9878
The	14	18	-4	0.9878
強	14	18	-4	0.9878
主义者	14	18	-4	0.9878
態	14	18	-4	0.9878
不遗余力	14	18	-4	0.9878
依赖性	14	18	-4	0.9878
至善	14	18	-4	0.9878
倾向	14	18	-4	0.9878
位数民主党	14	18	-4	0.9878
包	14	18	-4	0.9878
回	14	18	-4	0.9878
时	14	18	-4	0.9878
ALN	14	18	-4	0.9878
並逐	14	18	-4	0.9878
人权	42	54	-12	0.9878
確保	14	18	-4	0.9878
異	14	18	-4	0.9878
二	14	18	-4	0.9878
全	14	18	-4	0.9878
早期	14	18	-4	0.9878
认可	14	18	-4	0.9878
范围	28	36	-8	0.9878
舊	14	18	-4	0.9878
意	28	36	-8	0.9878
推行	14	18	-4	0.9878
民族	14	18	-4	0.9878
內	14	18	-4	0.9878
牛津	14	18	-4	0.9878
完整	14	18	-4	0.9878
產業	14	18	-4	0.9878
辩证法	14	18	-4	0.9878
阐	14	18	-4	0.9878
路線	14	18	-4	0.9878
Intellectual	28	36	-8	0.9878
該	14	18	-4	0.9878
利	14	18	-4	0.9878
威脅	14	18	-4	0.9878
分開	14	18	-4	0.9878
切人	14	18	-4	0.9878
发出	14	18	-4	0.9878
Cognitive	28	36	-8	0.9878
连	28	36	-8	0.9878
一方面	14	18	-4	0.9878
消	14	18	-4	0.9878
融入	14	18	-4	0.9878
產	14	18	-4	0.9878
念	14	18	-4	0.9878
集会	14	18	-4	0.9878
理	14	18	-4	0.9878
特	14	18	-4	0.9878
調經濟	14	18	-4	0.9878
黑格尔	14	18	-4	0.9878
——	134	173	-39	0.9837
發展	24	31	-7	0.9832
近现代	34	44	-10	0.9813
宗教	136	176	-40	0.9813
社会主义	30	39	-9	0.9769
反映	20	26	-6	0.9769
请	20	26	-6	0.9769
作为	66	86	-20	0.9746
仍然	26	34	-8	0.9712
概述	26	34	-8	0.9712
但是	42	55	-13	0.9698
信息	64	84	-20	0.9676
认知	64	84	-20	0.9676
這些	70	92	-22	0.9663
审美	38	50	-12	0.9652
解释	38	50	-12	0.9652
目標	22	29	-7	0.9634
混淆	28	37	-9	0.9611
支配	28	37	-9	0.9611
创造	40	53	-13	0.9585
這	40	53	-13	0.9585
方面	86	114	-28	0.9580
既	52	69	-17	0.9571
許	58	77	-19	0.9566
責任	30	40	-10	0.9525
道路	12	16	-4	0.9525
貧窮	18	24	-6	0.9525
認為人	12	16	-4	0.9525
議題	12	16	-4	0.9525
16	3	4	-1	0.9525
13	3	4	-1	0.9525
22	3	4	-1	0.9525
俱乐部	12	16	-4	0.9525
解决	36	48	-12	0.9525
弥补	12	16	-4	0.9525
產品	12	16	-4	0.9525
相近	9	12	-3	0.9525
前提	36	48	-12	0.9525
現實	36	48	-12	0.9525
強調個性	12	16	-4	0.9525
统治	12	16	-4	0.9525
有形而上	12	16	-4	0.9525
系	6	8	-2	0.9525
马克思主义	24	32	-8	0.9525
新闻	156	208	-52	0.9525
注明	6	8	-2	0.9525
▪	36	48	-12	0.9525
王國	12	16	-4	0.9525
给	54	72	-18	0.9525
自己	134	179	-45	0.9507
世界	132	177	-45	0.9471
言論	188	253	-65	0.9437
表现	26	35	-9	0.9434
想	26	35	-9	0.9434
更为	26	35	-9	0.9434
之外	26	35	-9	0.9434
相容論者	26	35	-9	0.9434
者	26	35	-9	0.9434
正是	26	35	-9	0.9434
權	23	31	-8	0.9422
而言	86	116	-30	0.9415
经济	68	92	-24	0.9387
濟	34	46	-12	0.9387
根基	34	46	-12	0.9387
义	34	46	-12	0.9387
受到	48	65	-17	0.9378
在于	62	84	-22	0.9374
自	84	114	-30	0.9358
席勒	14	19	-5	0.9358
点	14	19	-5	0.9358
后	14	19	-5	0.9358
思想	318	432	-114	0.9348
？	114	155	-41	0.9340
处境	22	30	-8	0.9313
明確	22	30	-8	0.9313
文章	22	30	-8	0.9313
随意	22	30	-8	0.9313
意愿	22	30	-8	0.9313
只能	22	30	-8	0.9313
機構	22	30	-8	0.9313
做什	22	30	-8	0.9313
追问	66	90	-24	0.9313
‘	22	30	-8	0.9313
相关	22	30	-8	0.9313
堕胎	22	30	-8	0.9313
行动者	22	30	-8	0.9313
批	22	30	-8	0.9313
正	22	30	-8	0.9313
仍	22	30	-8	0.9313
要件	22	30	-8	0.9313
人士	22	30	-8	0.9313
新政	22	30	-8	0.9313
考虑	22	30	-8	0.9313
可能性	22	30	-8	0.9313
机制	22	30	-8	0.9313
恐慌	22	30	-8	0.9313
群体	22	30	-8	0.9313
决	22	30	-8	0.9313
架构	22	30	-8	0.9313
問題	22	30	-8	0.9313
青年	22	30	-8	0.9313
)	112	153	-41	0.9297
1772年	16	22	-6	0.9236
更加	24	33	-9	0.9236
主人	16	22	-6	0.9236
对象	16	22	-6	0.9236
虽然	16	22	-6	0.9236
条件	32	44	-12	0.9236
另外	24	33	-9	0.9236
結果	16	22	-6	0.9236
.	246	339	-93	0.9216
聯盟	132	182	-50	0.9211
状态	58	80	-22	0.9207
女性	79	109	-30	0.9204
。	3150	4350	-1200	0.9196
人民	34	47	-13	0.9187
相關	34	47	-13	0.9187
自由放任	34	47	-13	0.9187
階級	34	47	-13	0.9187
美	52	72	-20	0.9172
价值	26	36	-10	0.9172
應該	52	72	-20	0.9172
公共	26	36	-10	0.9172
貿易	130	180	-50	0.9172
西方	78	108	-30	0.9172
三	44	61	-17	0.9160
:	31	43	-12	0.9156
词	62	86	-24	0.9156
政府	216	300	-84	0.9144
相	90	125	-35	0.9144
國際	82	114	-32	0.9135
随着	46	64	-18	0.9128
可	51	71	-20	0.9122
责任	112	156	-44	0.9118
事实	28	39	-11	0.9118
freedom	56	78	-22	0.9118
因此	116	162	-46	0.9094
他们	88	123	-35	0.9086
政黨	113	158	-45	0.9083
個	118	165	-47	0.9082
這樣	10	14	-4	0.9071
做事	10	14	-4	0.9071
经营者	20	28	-8	0.9071
体系	30	42	-12	0.9071
論	80	112	-32	0.9071
现象	10	14	-4	0.9071
无关	30	42	-12	0.9071
束缚	20	28	-8	0.9071
重點	10	14	-4	0.9071
内	30	42	-12	0.9071
现代人	30	42	-12	0.9071
右翼	10	14	-4	0.9071
觀念	40	56	-16	0.9071
議制	10	14	-4	0.9071
牴觸	10	14	-4	0.9071
容論者	10	14	-4	0.9071
然人	10	14	-4	0.9071
被动	10	14	-4	0.9071
决定性	10	14	-4	0.9071
們主	10	14	-4	0.9071
上帝	10	14	-4	0.9071
著称	10	14	-4	0.9071
非洲	10	14	-4	0.9071
年代	20	28	-8	0.9071
必须	60	84	-24	0.9071
公平	20	28	-8	0.9071
族群	10	14	-4	0.9071
批评	30	42	-12	0.9071
角色	10	14	-4	0.9071
阐述	30	42	-12	0.9071
拒斥	10	14	-4	0.9071
意识形态	10	14	-4	0.9071
强制	30	42	-12	0.9071
下來	10	14	-4	0.9071
成長	10	14	-4	0.9071
关键词	10	14	-4	0.9071
善	10	14	-4	0.9071
般	30	42	-12	0.9071
管制	10	14	-4	0.9071
游戏	30	42	-12	0.9071
具体	30	42	-12	0.9071
巨大	10	14	-4	0.9071
容忍	10	14	-4	0.9071
麦克菲	10	14	-4	0.9071
非常	10	14	-4	0.9071
硬決	10	14	-4	0.9071
意志论	30	42	-12	0.9071
對個人	30	42	-12	0.9071
著重	10	14	-4	0.9071
权利	202	283	-81	0.9065
生活	102	143	-41	0.9059
」	82	115	-33	0.9055
這個	52	73	-21	0.9046
(	104	146	-42	0.9046
不自由	42	59	-17	0.9040
那	170	239	-69	0.9033
限制	172	242	-70	0.9026
英语	162	228	-66	0.9023
因为	54	76	-22	0.9023
事实上	22	31	-9	0.9013
区分	22	31	-9	0.9013
使	78	110	-32	0.9005
可能	212	299	-87	0.9004
之	214	302	-88	0.8999
个	68	96	-28	0.8996
—	68	96	-28	0.8996
此	46	65	-19	0.8987
要求	106	150	-44	0.8974
多	132	187	-55	0.8965
深切	12	17	-5	0.8965
文明	12	17	-5	0.8965
反面	12	17	-5	0.8965
说明	24	34	-10	0.8965
一下	12	17	-5	0.8965
功利主义	12	17	-5	0.8965
旅行	12	17	-5	0.8965
當化	12	17	-5	0.8965
维度	12	17	-5	0.8965
就此	12	17	-5	0.8965
徹底	12	17	-5	0.8965
儒	12	17	-5	0.8965
③	12	17	-5	0.8965
龙似	12	17	-5	0.8965
因果	12	17	-5	0.8965
何以	12	17	-5	0.8965
无政府主义	12	17	-5	0.8965
形態	12	17	-5	0.8965
檢查	12	17	-5	0.8965
面面	12	17	-5	0.8965
不同	12	17	-5	0.8965
密爾將	12	17	-5	0.8965
激進	12	17	-5	0.8965
拋棄	12	17	-5	0.8965
继承	12	17	-5	0.8965
義務論者	12	17	-5	0.8965
差異	12	17	-5	0.8965
佔據	12	17	-5	0.8965
由于	12	17	-5	0.8965
好	12	17	-5	0.8965
就是说	12	17	-5	0.8965
現代人	12	17	-5	0.8965
倡导	12	17	-5	0.8965
」現實	12	17	-5	0.8965
說明	12	17	-5	0.8965
哈耶克	12	17	-5	0.8965
消除	12	17	-5	0.8965
以上	12	17	-5	0.8965
爭議	24	34	-10	0.8965
理由	12	17	-5	0.8965
苦	12	17	-5	0.8965
源泉	12	17	-5	0.8965
还	12	17	-5	0.8965
經濟	402	570	-168	0.8957
成	110	156	-46	0.8955
伯林	98	139	-41	0.8954
自我	50	71	-21	0.8943
传统	50	71	-21	0.8943
左派	50	71	-21	0.8943
反	88	125	-37	0.8941
将	126	179	-53	0.8939
完全	114	162	-48	0.8937
对应	38	54	-16	0.8937
比	76	108	-32	0.8937
而且	38	54	-16	0.8937
着	38	54	-16	0.8937
让	38	54	-16	0.8937
決定	76	108	-32	0.8937
任何	38	54	-16	0.8937
婚姻	38	54	-16	0.8937
英國	38	54	-16	0.8937
而是	38	54	-16	0.8937
重新	38	54	-16	0.8937
资本主义	38	54	-16	0.8937
这	310	441	-131	0.8927
理性	66	94	-28	0.8917
（	600	855	-255	0.8912
这个	120	171	-51	0.8912
康德	54	77	-23	0.8906
如果	122	174	-52	0.8904
產生	68	97	-29	0.8903
漸	28	40	-12	0.8890
学说	28	40	-12	0.8890
通过	84	120	-36	0.8890
伦理学	42	60	-18	0.8890
年	28	40	-12	0.8890
避免	21	30	-9	0.8890
高	42	60	-18	0.8890
只	84	120	-36	0.8890
遗忘权	58	83	-25	0.8875
为	324	464	-140	0.8868
自主	30	43	-13	0.8860
保守派	30	43	-13	0.8860
了	786	1127	-341	0.8857
基本	76	109	-33	0.8855
要	122	175	-53	0.8854
理念	46	66	-20	0.8851
享有	46	66	-20	0.8851
反对	46	66	-20	0.8851
一定	46	66	-20	0.8851
些	46	66	-20	0.8851
保护	46	66	-20	0.8851
权	46	66	-20	0.8851
超越	46	66	-20	0.8851
即	186	267	-81	0.8847
重要	78	112	-34	0.8844
而	562	807	-245	0.8844
拥有	110	158	-48	0.8842
艺术	48	69	-21	0.8835
呢	32	46	-14	0.8835
角度	32	46	-14	0.8835
第二	32	46	-14	0.8835
根据	32	46	-14	0.8835
開始	112	161	-49	0.8835
一	810	1165	-355	0.8830
會	82	118	-36	0.8825
什	82	118	-36	0.8825
分析	66	95	-29	0.8823
古典	132	190	-58	0.8823
有	512	737	-225	0.8823
認為	100	144	-44	0.8819
问题	200	288	-88	0.8819
么	236	340	-104	0.8815
家	322	464	-142	0.8813
地	154	222	-68	0.8810
及	120	173	-53	0.8809
新	181	261	-80	0.8807
在	1380	1990	-610	0.8807
选择	190	274	-84	0.8806
民主	122	176	-54	0.8803
則	54	78	-24	0.8792
資本	54	78	-24	0.8792
沒	54	78	-24	0.8792
仅	54	78	-24	0.8792
能力	108	156	-48	0.8792
越	54	78	-24	0.8792
承认	54	78	-24	0.8792
维护	54	78	-24	0.8792
体现	54	78	-24	0.8792
极	54	78	-24	0.8792
止	18	26	-8	0.8792
讲	18	26	-8	0.8792
請見「	18	26	-8	0.8792
根據	9	13	-4	0.8792
行为	36	52	-16	0.8792
揭示	18	26	-8	0.8792
關係	9	13	-4	0.8792
意見	9	13	-4	0.8792
派	18	26	-8	0.8792
激烈	9	13	-4	0.8792
19世紀	36	52	-16	0.8792
效率	18	26	-8	0.8792
依赖	18	26	-8	0.8792
positiveliberty	18	26	-8	0.8792
持	18	26	-8	0.8792
服务	18	26	-8	0.8792
消极	382	552	-170	0.8789
大	110	159	-49	0.8786
去	74	107	-33	0.8783
主張	170	246	-76	0.8776
追求	152	220	-68	0.8774
里	38	55	-17	0.8774
否	172	249	-77	0.8773
两	134	194	-60	0.8772
相信	116	168	-52	0.8769
一个	174	252	-78	0.8769
，	6419	9300	-2881	0.8766
积极	450	652	-202	0.8765
社会	200	290	-90	0.8758
对于	140	203	-63	0.8758
令	20	29	-9	0.8758
里面	20	29	-9	0.8758
非	40	58	-18	0.8758
那样	20	29	-9	0.8758
社團	20	29	-9	0.8758
國間	20	29	-9	0.8758
部分	20	29	-9	0.8758
一切	60	87	-27	0.8758
同时	20	29	-9	0.8758
民主制	80	116	-36	0.8758
特定	20	29	-9	0.8758
等等	20	29	-9	0.8758
或	140	203	-63	0.8758
受	120	174	-54	0.8758
相當	20	29	-9	0.8758
内容	40	58	-18	0.8758
广泛	20	29	-9	0.8758
心境	20	29	-9	0.8758
地方	20	29	-9	0.8758
所有	71	103	-32	0.8754
才	204	296	-92	0.8753
詞	62	90	-28	0.8749
成为	62	90	-28	0.8749
又	62	90	-28	0.8749
消極	62	90	-28	0.8749
甚至	62	90	-28	0.8749
概念	438	636	-198	0.8746
以	422	613	-191	0.8743
实现	212	308	-96	0.8741
主	64	93	-29	0.8740
也	520	756	-236	0.8735
就	434	631	-197	0.8735
会	132	192	-60	0.8731
他	470	684	-214	0.8726
他人	90	131	-41	0.8725
影響	68	99	-31	0.8723
中	522	760	-238	0.8723
平等	182	265	-83	0.8722
等	160	233	-73	0.8721
必然	70	102	-32	0.8715
包含	70	102	-32	0.8715
形式	105	153	-48	0.8715
相对	48	70	-22	0.8708
侵犯	48	70	-22	0.8708
的	9493	13848	-4355	0.8706
这种	194	283	-89	0.8706
是	2780	4056	-1276	0.8704
到	122	178	-56	0.8704
行动	244	356	-112	0.8704
反對	98	143	-45	0.8703
于	226	330	-104	0.8697
政治	371	542	-171	0.8693
自律	26	38	-12	0.8689
观点	26	38	-12	0.8689
基础	78	114	-36	0.8689
社	26	38	-12	0.8689
意志主义	52	76	-24	0.8689
原	78	114	-36	0.8689
值	78	114	-36	0.8689
一直	26	38	-12	0.8689
：	689	1007	-318	0.8689
原則	54	79	-25	0.8681
干涉	82	120	-38	0.8678
第一	82	120	-38	0.8678
能	274	401	-127	0.8678
通常	166	243	-77	0.8676
都	278	407	-129	0.8675
冯契	28	41	-13	0.8673
過	28	41	-13	0.8673
梁启超	28	41	-13	0.8673
含义	112	164	-52	0.8673
认识	28	41	-13	0.8673
充分	28	41	-13	0.8673
作品	28	41	-13	0.8673
丹尼特	28	41	-13	0.8673
自由市場	28	41	-13	0.8673
分歧	28	41	-13	0.8673
处境性	28	41	-13	0.8673
论证	28	41	-13	0.8673
控制	28	41	-13	0.8673
主義	2214	3243	-1029	0.8670
“	1512	2215	-703	0.8669
支持者	86	126	-40	0.8668
市场经济	86	126	-40	0.8668
權利	116	170	-54	0.8666
真正	88	129	-41	0.8663
意志	1926	2824	-898	0.8661
保護	45	66	-21	0.8659
和	1363	2000	-637	0.8655
对	400	587	-187	0.8654
意味着	154	226	-72	0.8654
被	310	455	-145	0.8653
國	94	138	-44	0.8651
提出	94	138	-44	0.8651
強調	126	185	-59	0.8650
作用	32	47	-15	0.8647
它	64	94	-30	0.8647
”	1452	2134	-682	0.8641
但	166	244	-78	0.8640
人	934	1373	-439	0.8639
之间	68	100	-32	0.8636
竞争	34	50	-16	0.8636
極權	34	50	-16	0.8636
保守	17	25	-8	0.8636
定論	34	50	-16	0.8636
市场	136	200	-64	0.8636
社會	272	400	-128	0.8636
對	204	300	-96	0.8636
则	204	300	-96	0.8636
支持	206	303	-97	0.8634
造成	36	53	-17	0.8626
网络	36	53	-17	0.8626
平衡	36	53	-17	0.8626
法	36	53	-17	0.8626
起	36	53	-17	0.8626
按照	36	53	-17	0.8626
種	110	162	-52	0.8623
指	110	162	-52	0.8623
人们	110	162	-52	0.8623
不	1364	2009	-645	0.8622
道德	222	327	-105	0.8622
哲學	38	56	-18	0.8618
强调	114	168	-54	0.8618
公民	162	239	-77	0.8608
主義者	835	1232	-397	0.8607
种	410	605	-195	0.8606
意义	164	242	-78	0.8606
人格	42	62	-20	0.8603
指向	42	62	-20	0.8603
解放	42	62	-20	0.8603
第三	42	62	-20	0.8603
认为	214	316	-102	0.8600
中国	86	127	-41	0.8600
其他	86	127	-41	0.8600
更	130	192	-62	0.8599
古代人	44	65	-21	0.8597
国	44	65	-21	0.8597
價值	44	65	-21	0.8597
代表	44	65	-21	0.8597
论者	44	65	-21	0.8597
·	360	532	-172	0.8594
指出	46	68	-22	0.8591
已	46	68	-22	0.8591
個人	294	435	-141	0.8583
政策	98	145	-47	0.8583
「	100	148	-48	0.8581
绝对	50	74	-24	0.8581
提供	25	37	-12	0.8581
所	202	299	-97	0.8580
言论	258	382	-124	0.8577
必要	52	77	-25	0.8576
一些	183	271	-88	0.8576
把	210	311	-101	0.8575
并	158	234	-76	0.8575
同	216	320	-104	0.8572
说	338	501	-163	0.8568
与	852	1263	-411	0.8567
如	116	172	-56	0.8565
过	60	89	-29	0.8562
意识	60	89	-29	0.8562
或者	60	89	-29	0.8562
…	60	89	-29	0.8562
來	66	98	-32	0.8553
出	66	98	-32	0.8553
来	398	591	-193	0.8552
看	68	101	-33	0.8550
我们	142	211	-69	0.8547
便是	74	110	-36	0.8543
定義	74	110	-36	0.8543
行動	76	113	-37	0.8541
保持	76	113	-37	0.8541
获得	90	134	-44	0.8530
相容	92	137	-45	0.8528
其	96	143	-47	0.8526
包括	98	146	-48	0.8524
做	98	146	-48	0.8524
人类	100	149	-49	0.8523
可以	204	304	-100	0.8522
以及	106	158	-52	0.8520
歐洲	108	161	-53	0.8519
理解	108	161	-53	0.8519
哲学	218	325	-107	0.8519
作為	57	85	-28	0.8516
心灵	116	173	-57	0.8515
价	116	173	-57	0.8515
上	614	916	-302	0.8513
发展	126	188	-62	0.8512
思考	130	194	-64	0.8510
从	156	233	-77	0.8503
最	162	242	-80	0.8501
特别	24	36	-12	0.8466
引导	24	36	-12	0.8466
尊重	40	60	-20	0.8466
排斥	40	60	-20	0.8466
称为	24	36	-12	0.8466
具有	56	84	-28	0.8466
希望	40	60	-20	0.8466
意識	26	39	-13	0.8466
很多	24	36	-12	0.8466
後	24	36	-12	0.8466
事	24	36	-12	0.8466
理論	40	60	-20	0.8466
爭取	24	36	-12	0.8466
爭論	24	36	-12	0.8466
争论	24	36	-12	0.8466
意志論者	24	36	-12	0.8466
尤其	56	84	-28	0.8466
这样	24	36	-12	0.8466
从而	56	84	-28	0.8466
回答	24	36	-12	0.8466
你	50	75	-25	0.8466
為人	24	36	-12	0.8466
直到	24	36	-12	0.8466
早	48	72	-24	0.8466
解釋	24	36	-12	0.8466
英語	24	36	-12	0.8466
意味	40	60	-20	0.8466
主张	40	60	-20	0.8466
认同	24	36	-12	0.8466
〈	80	120	-40	0.8466
統	24	36	-12	0.8466
源於	24	36	-12	0.8466
说是	48	72	-24	0.8466
本身	24	36	-12	0.8466
活动	24	36	-12	0.8466
中央	24	36	-12	0.8466
开始	40	60	-20	0.8466
备份	24	36	-12	0.8466
今天	24	36	-12	0.8466
人人	40	60	-20	0.8466
有所	24	36	-12	0.8466
壓迫	24	36	-12	0.8466
領導	24	36	-12	0.8466
運用	10	15	-5	0.8466
受众	24	36	-12	0.8466
且	24	36	-12	0.8466
次	24	36	-12	0.8466
只是	48	72	-24	0.8466
文化	110	165	-55	0.8466
保护主义	24	36	-12	0.8466
进一步	24	36	-12	0.8466
应	24	36	-12	0.8466
阻碍	24	36	-12	0.8466
保守主义	24	36	-12	0.8466
共同	40	60	-20	0.8466
意志论者	24	36	-12	0.8466
liberal	24	36	-12	0.8466
缺乏	48	72	-24	0.8466
有些	48	72	-24	0.8466
真善美	24	36	-12	0.8466
時期	24	36	-12	0.8466
只要	40	60	-20	0.8466
同時	24	36	-12	0.8466
展开	24	36	-12	0.8466
為	96	144	-48	0.8466
Freedom	40	60	-20	0.8466
边界	24	36	-12	0.8466
统一	24	36	-12	0.8466
提倡	24	36	-12	0.8466
集權	24	36	-12	0.8466
因素	24	36	-12	0.8466
根本	24	36	-12	0.8466
思潮	40	60	-20	0.8466
間	24	36	-12	0.8466
发表	24	36	-12	0.8466
有时	24	36	-12	0.8466
替	24	36	-12	0.8466
從	24	36	-12	0.8466
某种	10	15	-5	0.8466
当代	24	36	-12	0.8466
自身	48	72	-24	0.8466
於	40	60	-20	0.8466
变	24	36	-12	0.8466
构建	40	60	-20	0.8466
承担	40	60	-20	0.8466
贸易	272	408	-136	0.8466
完善	24	36	-12	0.8466
注重	24	36	-12	0.8466
过于	24	36	-12	0.8466
類	24	36	-12	0.8466
強調個人	24	36	-12	0.8466
脱离	24	36	-12	0.8466
扩张	24	36	-12	0.8466
常	24	36	-12	0.8466
精神	40	60	-20	0.8466
生	24	36	-12	0.8466
智慧	24	36	-12	0.8466
多元	24	36	-12	0.8466
趋于	24	36	-12	0.8466
基于	24	36	-12	0.8466
东西	24	36	-12	0.8466
带	24	36	-12	0.8466
个体	40	60	-20	0.8466
导致	24	36	-12	0.8466
世界性	24	36	-12	0.8466
致	24	36	-12	0.8466
說	24	36	-12	0.8466
如何	24	36	-12	0.8466
中立性	24	36	-12	0.8466
按	24	36	-12	0.8466
创作	24	36	-12	0.8466
无论是	24	36	-12	0.8466
使得	24	36	-12	0.8466
广义	24	36	-12	0.8466
世紀	48	72	-24	0.8466
│	56	84	-28	0.8466
影响	24	36	-12	0.8466
存檔	24	36	-12	0.8466
极端	24	36	-12	0.8466
屬於	24	36	-12	0.8466
稱為	56	84	-28	0.8466
積極	56	84	-28	0.8466
相同	24	36	-12	0.8466
福利	24	36	-12	0.8466
之内	24	36	-12	0.8466
英文	48	72	-24	0.8466
撰文	24	36	-12	0.8466
决定论	136	204	-68	0.8466
論認	24	36	-12	0.8466
明显	24	36	-12	0.8466
本质	48	72	-24	0.8466
自由化	10	15	-5	0.8466
偏右	24	36	-12	0.8466
生效	12	18	-6	0.8466
主动	24	36	-12	0.8466
人生	56	84	-28	0.8466
争取	24	36	-12	0.8466
就是	96	144	-48	0.8466
中间	24	36	-12	0.8466
試圖	24	36	-12	0.8466
根	40	60	-20	0.8466
鬥爭	48	72	-24	0.8466
liberalism	24	36	-12	0.8466
negativeliberty	24	36	-12	0.8466
放任主义	56	84	-28	0.8466
主体	40	60	-20	0.8466
現代	96	144	-48	0.8466
进行	40	60	-20	0.8466
实质	24	36	-12	0.8466
构成	24	36	-12	0.8466
全球	24	36	-12	0.8466
敌人	48	72	-24	0.8466
四	56	84	-28	0.8466
美國	40	60	-20	0.8466
视为	56	84	-28	0.8466
將	24	36	-12	0.8466
同等	40	60	-20	0.8466
恐懼	24	36	-12	0.8466
开放	24	36	-12	0.8466
戰後	24	36	-12	0.8466
;	40	60	-20	0.8466
/	56	84	-28	0.8466
一样	24	36	-12	0.8466
與人	24	36	-12	0.8466
Giovanni	8	12	-4	0.8466
引	16	24	-8	0.8466
违背	16	24	-8	0.8466
算是	32	48	-16	0.8466
環	8	12	-4	0.8466
使用	32	48	-16	0.8466
加	8	12	-4	0.8466
立即	8	12	-4	0.8466
神	8	12	-4	0.8466
進步	32	48	-16	0.8466
爱好	8	12	-4	0.8466
叙述	8	12	-4	0.8466
操纵	8	12	-4	0.8466
发布者	16	24	-8	0.8466
搜索引擎	8	12	-4	0.8466
形态	16	24	-8	0.8466
共建	8	12	-4	0.8466
時	16	24	-8	0.8466
斯宾塞	8	12	-4	0.8466
產資料	8	12	-4	0.8466
障碍	8	12	-4	0.8466
寸步东西	8	12	-4	0.8466
──從	8	12	-4	0.8466
牛津英语词典	8	12	-4	0.8466
战争	8	12	-4	0.8466
紧密	16	24	-8	0.8466
否则	16	24	-8	0.8466
各种	8	12	-4	0.8466
规定	8	12	-4	0.8466
恰恰相反	8	12	-4	0.8466
高度	8	12	-4	0.8466
主观	8	12	-4	0.8466
奋斗	8	12	-4	0.8466
缺失	16	24	-8	0.8466
绝非	8	12	-4	0.8466
各人	16	24	-8	0.8466
製漢語	16	24	-8	0.8466
意大利	8	12	-4	0.8466
件	8	12	-4	0.8466
自由之間	8	12	-4	0.8466
历	8	12	-4	0.8466
义务	8	12	-4	0.8466
演变	8	12	-4	0.8466
私有制	8	12	-4	0.8466
宽容	8	12	-4	0.8466
開始與	16	24	-8	0.8466
其目	8	12	-4	0.8466
有鉴于此	8	12	-4	0.8466
內部	32	48	-16	0.8466
法规	8	12	-4	0.8466
发现	32	48	-16	0.8466
與經	16	24	-8	0.8466
Spinoza	16	24	-8	0.8466
斗争	32	48	-16	0.8466
飞翔	8	12	-4	0.8466
言论是	8	12	-4	0.8466
商定	8	12	-4	0.8466
抗戰	8	12	-4	0.8466
学者	16	24	-8	0.8466
病兆	8	12	-4	0.8466
之下	16	24	-8	0.8466
瞭解	8	12	-4	0.8466
能够	88	132	-44	0.8466
行善	32	48	-16	0.8466
天主教徒	8	12	-4	0.8466
反對將	16	24	-8	0.8466
诉诸	8	12	-4	0.8466
激进	16	24	-8	0.8466
極端	16	24	-8	0.8466
庸俗	8	12	-4	0.8466
會民主	8	12	-4	0.8466
学习	8	12	-4	0.8466
立法	8	12	-4	0.8466
礼之用	8	12	-4	0.8466
實際	8	12	-4	0.8466
選擇	32	48	-16	0.8466
答	8	12	-4	0.8466
即便	16	24	-8	0.8466
猶太哲	8	12	-4	0.8466
並	72	108	-36	0.8466
文艺复兴	8	12	-4	0.8466
真理	8	12	-4	0.8466
實則	8	12	-4	0.8466
定理	16	24	-8	0.8466
十分	8	12	-4	0.8466
个性	16	24	-8	0.8466
協定	8	12	-4	0.8466
林	8	12	-4	0.8466
堡壘	8	12	-4	0.8466
分开	16	24	-8	0.8466
视	8	12	-4	0.8466
结合	8	12	-4	0.8466
神圣	8	12	-4	0.8466
from	16	24	-8	0.8466
故意	8	12	-4	0.8466
一步步	8	12	-4	0.8466
区	8	12	-4	0.8466
规范	8	12	-4	0.8466
歧视	8	12	-4	0.8466
最后	8	12	-4	0.8466
出版社	8	12	-4	0.8466
持续	8	12	-4	0.8466
书	8	12	-4	0.8466
目地	8	12	-4	0.8466
私營	8	12	-4	0.8466
言除	8	12	-4	0.8466
僅	8	12	-4	0.8466
听	8	12	-4	0.8466
精髓	8	12	-4	0.8466
合作机	8	12	-4	0.8466
谜	8	12	-4	0.8466
義戰	16	24	-8	0.8466
主權	8	12	-4	0.8466
胡	8	12	-4	0.8466
引典	16	24	-8	0.8466
难能可贵	8	12	-4	0.8466
蔑視	8	12	-4	0.8466
量子力学	8	12	-4	0.8466
那种	8	12	-4	0.8466
珍视	8	12	-4	0.8466
路	8	12	-4	0.8466
如此	8	12	-4	0.8466
目光	8	12	-4	0.8466
共	8	12	-4	0.8466
則傾	32	48	-16	0.8466
生杀	8	12	-4	0.8466
最初	16	24	-8	0.8466
工商	8	12	-4	0.8466
消解	16	24	-8	0.8466
中國社	8	12	-4	0.8466
吝啬	8	12	-4	0.8466
生前	8	12	-4	0.8466
那里	8	12	-4	0.8466
却	72	108	-36	0.8466
像	18	27	-9	0.8466
若	16	24	-8	0.8466
制	8	12	-4	0.8466
請願	8	12	-4	0.8466
动植物	8	12	-4	0.8466
变色	8	12	-4	0.8466
義大利	8	12	-4	0.8466
Right	8	12	-4	0.8466
利用	16	24	-8	0.8466
動機	8	12	-4	0.8466
组织部分	8	12	-4	0.8466
给予	16	24	-8	0.8466
交往	8	12	-4	0.8466
厘清	8	12	-4	0.8466
批判	16	24	-8	0.8466
重申	16	24	-8	0.8466
自由意	8	12	-4	0.8466
政體	16	24	-8	0.8466
達成	16	24	-8	0.8466
理论主义	8	12	-4	0.8466
谁	16	24	-8	0.8466
約翰	8	12	-4	0.8466
低	8	12	-4	0.8466
赫伯特	8	12	-4	0.8466
前述	16	24	-8	0.8466
预知	8	12	-4	0.8466
混亂	8	12	-4	0.8466
尊	16	24	-8	0.8466
健康	8	12	-4	0.8466
歐美	8	12	-4	0.8466
強調代	8	12	-4	0.8466
護個人	16	24	-8	0.8466
時法國	8	12	-4	0.8466
回擺	8	12	-4	0.8466
空间	16	24	-8	0.8466
许可	8	12	-4	0.8466
衝動	8	12	-4	0.8466
忽视	8	12	-4	0.8466
全部	16	24	-8	0.8466
自俜	8	12	-4	0.8466
好像	8	12	-4	0.8466
説明國	8	12	-4	0.8466
拉丁文	8	12	-4	0.8466
定決	8	12	-4	0.8466
須	8	12	-4	0.8466
恰恰	8	12	-4	0.8466
崛起	8	12	-4	0.8466
暗示	8	12	-4	0.8466
涨落	8	12	-4	0.8466
推进	8	12	-4	0.8466
综观	8	12	-4	0.8466
一旦	8	12	-4	0.8466
權期	8	12	-4	0.8466
層面	8	12	-4	0.8466
现实性	16	24	-8	0.8466
出現	16	24	-8	0.8466
等同	8	12	-4	0.8466
2個	8	12	-4	0.8466
章	8	12	-4	0.8466
断定	16	24	-8	0.8466
灵魂	16	24	-8	0.8466
孤独	8	12	-4	0.8466
主義內	8	12	-4	0.8466
首	8	12	-4	0.8466
均等	16	24	-8	0.8466
反建制	8	12	-4	0.8466
道义	8	12	-4	0.8466
放任	16	24	-8	0.8466
与其说	16	24	-8	0.8466
可言	8	12	-4	0.8466
行恶	8	12	-4	0.8466
後者	8	12	-4	0.8466
这些	32	48	-16	0.8466
教徒	8	12	-4	0.8466
价格	8	12	-4	0.8466
們情	8	12	-4	0.8466
各国	8	12	-4	0.8466
时间性	16	24	-8	0.8466
企業	16	24	-8	0.8466
怎樣	8	12	-4	0.8466
民主党人	8	12	-4	0.8466
压制	8	12	-4	0.8466
巧妙	8	12	-4	0.8466
阶级	8	12	-4	0.8466
明德	8	12	-4	0.8466
|	16	24	-8	0.8466
决心	8	12	-4	0.8466
己	8	12	-4	0.8466
滿	8	12	-4	0.8466
基本上	8	12	-4	0.8466
一致	8	12	-4	0.8466
John	8	12	-4	0.8466
基於	16	24	-8	0.8466
最为	8	12	-4	0.8466
財產	16	24	-8	0.8466
适中	8	12	-4	0.8466
種目	8	12	-4	0.8466
意志論	8	12	-4	0.8466
基本概	8	12	-4	0.8466
話	8	12	-4	0.8466
良心	8	12	-4	0.8466
兼容并包	8	12	-4	0.8466
产业	16	24	-8	0.8466
狼群	8	12	-4	0.8466
买方	8	12	-4	0.8466
或许	8	12	-4	0.8466
夫妻	8	12	-4	0.8466
菜场	16	24	-8	0.8466
開始從	8	12	-4	0.8466
個片	8	12	-4	0.8466
美國人	8	12	-4	0.8466
黃克武	8	12	-4	0.8466
採取	8	12	-4	0.8466
顆	8	12	-4	0.8466
得	72	108	-36	0.8466
間開	8	12	-4	0.8466
黨變	8	12	-4	0.8466
答案	8	12	-4	0.8466
张力	8	12	-4	0.8466
直接	8	12	-4	0.8466
牛津英語詞典	8	12	-4	0.8466
德	8	12	-4	0.8466
抵触	8	12	-4	0.8466
表明	16	24	-8	0.8466
规	16	24	-8	0.8466
恢复	16	24	-8	0.8466
政治经济学	16	24	-8	0.8466
許將	8	12	-4	0.8466
...的	16	24	-8	0.8466
进而	16	24	-8	0.8466
Berkowitz	8	12	-4	0.8466
诽谤	8	12	-4	0.8466
們還	8	12	-4	0.8466
闡述	8	12	-4	0.8466
自由權	8	12	-4	0.8466
声称	16	24	-8	0.8466
論者	16	24	-8	0.8466
对立	16	24	-8	0.8466
案例	8	12	-4	0.8466
得到	16	24	-8	0.8466
國對	8	12	-4	0.8466
幾乎	8	12	-4	0.8466
形容	16	24	-8	0.8466
專制	16	24	-8	0.8466
它们	16	24	-8	0.8466
人類	8	12	-4	0.8466
比如	8	12	-4	0.8466
时间	8	12	-4	0.8466
原本	16	24	-8	0.8466
分別	8	12	-4	0.8466
调整	8	12	-4	0.8466
私有	8	12	-4	0.8466
尊崇	8	12	-4	0.8466
质言之	8	12	-4	0.8466
托马斯	8	12	-4	0.8466
契约	16	24	-8	0.8466
貴族	8	12	-4	0.8466
與建	16	24	-8	0.8466
大学	16	24	-8	0.8466
最高	8	12	-4	0.8466
許會	8	12	-4	0.8466
敘述	8	12	-4	0.8466
形而上學	8	12	-4	0.8466
liberty	36	54	-18	0.8466
诉求	8	12	-4	0.8466
汪榮祖	8	12	-4	0.8466
占有	8	12	-4	0.8466
古文	8	12	-4	0.8466
歷史	36	54	-18	0.8466
追溯	8	12	-4	0.8466
出发	8	12	-4	0.8466
選	8	12	-4	0.8466
魅惑	8	12	-4	0.8466
難	8	12	-4	0.8466
全盤	8	12	-4	0.8466
鲜明	16	24	-8	0.8466
3％	8	12	-4	0.8466
大多数	8	12	-4	0.8466
範	8	12	-4	0.8466
她	8	12	-4	0.8466
絕對	8	12	-4	0.8466
維護	8	12	-4	0.8466
開始產生	8	12	-4	0.8466
分为	8	12	-4	0.8466
悖論	8	12	-4	0.8466
創造力	8	12	-4	0.8466
與責	8	12	-4	0.8466
笑話	8	12	-4	0.8466
勞動	16	24	-8	0.8466
促使	8	12	-4	0.8466
認定	8	12	-4	0.8466
每个	16	24	-8	0.8466
抨擊	8	12	-4	0.8466
利益	8	12	-4	0.8466
有效	16	24	-8	0.8466
於國際	8	12	-4	0.8466
場主	8	12	-4	0.8466
层	8	12	-4	0.8466
必需	16	24	-8	0.8466
获知	8	12	-4	0.8466
欲望	16	24	-8	0.8466
例如	8	12	-4	0.8466
指從	8	12	-4	0.8466
違反	16	24	-8	0.8466
自我实现	8	12	-4	0.8466
命定	16	24	-8	0.8466
格会	16	24	-8	0.8466
保留	8	12	-4	0.8466
终结	8	12	-4	0.8466
名义	8	12	-4	0.8466
末期	16	24	-8	0.8466
易	16	24	-8	0.8466
Voss	8	12	-4	0.8466
强化	8	12	-4	0.8466
建	16	24	-8	0.8466
少數黨	8	12	-4	0.8466
群體	8	12	-4	0.8466
宪法	8	12	-4	0.8466
还原	8	12	-4	0.8466
步	8	12	-4	0.8466
法西斯	8	12	-4	0.8466
矛盾	32	48	-16	0.8466
墮胎	8	12	-4	0.8466
every	8	12	-4	0.8466
將個人	8	12	-4	0.8466
带有	16	24	-8	0.8466
先知	8	12	-4	0.8466
權選	8	12	-4	0.8466
new	16	24	-8	0.8466
預知	8	12	-4	0.8466
霍布斯式	8	12	-4	0.8466
過現代	8	12	-4	0.8466
深厚	8	12	-4	0.8466
当下	16	24	-8	0.8466
上述	16	24	-8	0.8466
復興	8	12	-4	0.8466
汝豈	8	12	-4	0.8466
怎样	8	12	-4	0.8466
一脉相承	8	12	-4	0.8466
依照	8	12	-4	0.8466
各地	8	12	-4	0.8466
公義	8	12	-4	0.8466
加以	8	12	-4	0.8466
及其	8	12	-4	0.8466
化智慧	8	12	-4	0.8466
一贯	8	12	-4	0.8466
中立	16	24	-8	0.8466
财团	8	12	-4	0.8466
谈	16	24	-8	0.8466
期待	8	12	-4	0.8466
所以	32	48	-16	0.8466
拒	8	12	-4	0.8466
部	8	12	-4	0.8466
關心	8	12	-4	0.8466
1704年	8	12	-4	0.8466
绝对值	8	12	-4	0.8466
奴隶	8	12	-4	0.8466
修辭	8	12	-4	0.8466
感恩	16	24	-8	0.8466
延續	8	12	-4	0.8466
引出	8	12	-4	0.8466
詞來	8	12	-4	0.8466
恐惧	32	48	-16	0.8466
」例如	8	12	-4	0.8466
批評	64	96	-32	0.8466
自由民主制	8	12	-4	0.8466
解开	8	12	-4	0.8466
歐	8	12	-4	0.8466
页面	88	132	-44	0.8466
心	8	12	-4	0.8466
麽	8	12	-4	0.8466
並限	8	12	-4	0.8466
并无二致	8	12	-4	0.8466
第四	8	12	-4	0.8466
天马行空	8	12	-4	0.8466
對國際	8	12	-4	0.8466
比较	16	24	-8	0.8466
早就	8	12	-4	0.8466
政黨與	8	12	-4	0.8466
主義與	8	12	-4	0.8466
則難	8	12	-4	0.8466
並保	8	12	-4	0.8466
autonomous	8	12	-4	0.8466
较	8	12	-4	0.8466
語	8	12	-4	0.8466
記名	8	12	-4	0.8466
无助	8	12	-4	0.8466
持有	16	24	-8	0.8466
種選擇	8	12	-4	0.8466
文科	16	24	-8	0.8466
称呼	8	12	-4	0.8466
情况	8	12	-4	0.8466
重点	8	12	-4	0.8466
主義兩者	8	12	-4	0.8466
市	8	12	-4	0.8466
施加	8	12	-4	0.8466
惟	8	12	-4	0.8466
無異	8	12	-4	0.8466
战略	8	12	-4	0.8466
对抗	8	12	-4	0.8466
学	8	12	-4	0.8466
产物	8	12	-4	0.8466
》	120	180	-60	0.8466
脫離	8	12	-4	0.8466
商	8	12	-4	0.8466
絕對值	8	12	-4	0.8466
Libertarianism	8	12	-4	0.8466
套	16	24	-8	0.8466
耶	8	12	-4	0.8466
容許	8	12	-4	0.8466
魅	8	12	-4	0.8466
独特	8	12	-4	0.8466
意志力	16	24	-8	0.8466
無法	8	12	-4	0.8466
总	8	12	-4	0.8466
话语	8	12	-4	0.8466
犹太人	8	12	-4	0.8466
餘地	8	12	-4	0.8466
作「	8	12	-4	0.8466
標	8	12	-4	0.8466
见	8	12	-4	0.8466
这里	8	12	-4	0.8466
就要	8	12	-4	0.8466
议	8	12	-4	0.8466
這方面	8	12	-4	0.8466
全面	64	96	-32	0.8466
①	8	12	-4	0.8466
轉型	8	12	-4	0.8466
信心	8	12	-4	0.8466
會導	8	12	-4	0.8466
少數人	8	12	-4	0.8466
展出	8	12	-4	0.8466
赋权	8	12	-4	0.8466
服从	8	12	-4	0.8466
作恶	16	24	-8	0.8466
满足	8	12	-4	0.8466
現在	8	12	-4	0.8466
成員	8	12	-4	0.8466
納粹	8	12	-4	0.8466
欠缺	8	12	-4	0.8466
企业	8	12	-4	0.8466
title	16	24	-8	0.8466
轉變為	8	12	-4	0.8466
所谓	72	108	-36	0.8466
具	8	12	-4	0.8466
出版	8	12	-4	0.8466
新作	8	12	-4	0.8466
圍與	8	12	-4	0.8466
wikip	32	48	-16	0.8466
神经科学	8	12	-4	0.8466
两难	8	12	-4	0.8466
看作	16	24	-8	0.8466
产品	16	24	-8	0.8466
這使	8	12	-4	0.8466
经典	16	24	-8	0.8466
始與	8	12	-4	0.8466
浪漫主义	8	12	-4	0.8466
主导	8	12	-4	0.8466
·哈耶克	8	12	-4	0.8466
極為	8	12	-4	0.8466
民主教育	8	12	-4	0.8466
尽管	32	48	-16	0.8466
綠色	8	12	-4	0.8466
框架	8	12	-4	0.8466
促進社	8	12	-4	0.8466
恨言論雖	8	12	-4	0.8466
說這	8	12	-4	0.8466
絕	16	24	-8	0.8466
現	8	12	-4	0.8466
信條	8	12	-4	0.8466
二戰後	8	12	-4	0.8466
主觀	8	12	-4	0.8466
以此	8	12	-4	0.8466
針對	8	12	-4	0.8466
快乐	8	12	-4	0.8466
具备	8	12	-4	0.8466
多种	8	12	-4	0.8466
向族	8	12	-4	0.8466
構	8	12	-4	0.8466
抗衡	32	48	-16	0.8466
见到	8	12	-4	0.8466
行使	16	24	-8	0.8466
何存	8	12	-4	0.8466
或是	8	12	-4	0.8466
On	8	12	-4	0.8466
「吾意	8	12	-4	0.8466
譴責	8	12	-4	0.8466
剥夺	32	48	-16	0.8466
一個人	8	12	-4	0.8466
協會	16	24	-8	0.8466
定意	8	12	-4	0.8466
為這	8	12	-4	0.8466
導致	16	24	-8	0.8466
輿論	8	12	-4	0.8466
旗手	8	12	-4	0.8466
並非	8	12	-4	0.8466
同一	8	12	-4	0.8466
共享	8	12	-4	0.8466
雇主	8	12	-4	0.8466
财产	16	24	-8	0.8466
與專制	8	12	-4	0.8466
缤纷多彩	8	12	-4	0.8466
之后	8	12	-4	0.8466
裡發展	8	12	-4	0.8466
秀才	8	12	-4	0.8466
學則	8	12	-4	0.8466
支	8	12	-4	0.8466
城市	16	24	-8	0.8466
逐漸	8	12	-4	0.8466
與個人	8	12	-4	0.8466
观念	288	432	-144	0.8466
现代化	8	12	-4	0.8466
處於	8	12	-4	0.8466
想法	8	12	-4	0.8466
應該對	8	12	-4	0.8466
並實施	16	24	-8	0.8466
真	8	12	-4	0.8466
Wikipedia	8	12	-4	0.8466
雇佣	16	24	-8	0.8466
意志」	8	12	-4	0.8466
正面	8	12	-4	0.8466
洞	8	12	-4	0.8466
提升	16	24	-8	0.8466
流动	32	48	-16	0.8466
源头	8	12	-4	0.8466
个体性	8	12	-4	0.8466
禁止	8	12	-4	0.8466
落夫	8	12	-4	0.8466
心力	16	24	-8	0.8466
無	8	12	-4	0.8466
相較	16	24	-8	0.8466
陳	8	12	-4	0.8466
義與	8	12	-4	0.8466
定義並	8	12	-4	0.8466
喪失	8	12	-4	0.8466
基督教	8	12	-4	0.8466
阶层	8	12	-4	0.8466
主导权	8	12	-4	0.8466
初學	8	12	-4	0.8466
培	8	12	-4	0.8466
天赋	8	12	-4	0.8466
勢力	16	24	-8	0.8466
Clarke	8	12	-4	0.8466
貢獻	16	24	-8	0.8466
衝突	8	12	-4	0.8466
④	8	12	-4	0.8466
纯	8	12	-4	0.8466
這兒	8	12	-4	0.8466
Liberales	8	12	-4	0.8466
怎	8	12	-4	0.8466
事實	16	24	-8	0.8466
初	8	12	-4	0.8466
乃是	8	12	-4	0.8466
融合	8	12	-4	0.8466
统摄	8	12	-4	0.8466
抱	8	12	-4	0.8466
为人	8	12	-4	0.8466
无论如何	8	12	-4	0.8466
称	8	12	-4	0.8466
规律	32	48	-16	0.8466
馬克思	8	12	-4	0.8466
間並沒	8	12	-4	0.8466
說明人	8	12	-4	0.8466
將能	8	12	-4	0.8466
们	8	12	-4	0.8466
种族主义	8	12	-4	0.8466
奢	8	12	-4	0.8466
起傳	8	12	-4	0.8466
看來	8	12	-4	0.8466
的——	8	12	-4	0.8466
始產生許	8	12	-4	0.8466
审	8	12	-4	0.8466
給稱	8	12	-4	0.8466
」相	8	12	-4	0.8466
外衣	8	12	-4	0.8466
违法	8	12	-4	0.8466
摆脱	16	24	-8	0.8466
毫無	8	12	-4	0.8466
建構	16	24	-8	0.8466
杜威	8	12	-4	0.8466
Baruch	8	12	-4	0.8466
特长	8	12	-4	0.8466
曾	8	12	-4	0.8466
始终	16	24	-8	0.8466
張為	8	12	-4	0.8466
面	8	12	-4	0.8466
和谐	8	12	-4	0.8466
制止	8	12	-4	0.8466
实体	16	24	-8	0.8466
德拉克	8	12	-4	0.8466
本華	8	12	-4	0.8466
做y	16	24	-8	0.8466
作	32	48	-16	0.8466
本体论	16	24	-8	0.8466
纯属	8	12	-4	0.8466
古羅馬	8	12	-4	0.8466
對經濟	8	12	-4	0.8466
究竟	16	24	-8	0.8466
人权宣言	8	12	-4	0.8466
劳动力	16	24	-8	0.8466
开显	8	12	-4	0.8466
协同	8	12	-4	0.8466
祛	8	12	-4	0.8466
即可	16	24	-8	0.8466
尘埃落定	8	12	-4	0.8466
成人	8	12	-4	0.8466
心靈	8	12	-4	0.8466
亦	8	12	-4	0.8466
属	8	12	-4	0.8466
導論	8	12	-4	0.8466
现代	8	12	-4	0.8466
’	16	24	-8	0.8466
久怀忿	8	12	-4	0.8466
對於	16	24	-8	0.8466
如同	8	12	-4	0.8466
瑞典	16	24	-8	0.8466
寫道	8	12	-4	0.8466
B	8	12	-4	0.8466
不可或缺	8	12	-4	0.8466
目前	8	12	-4	0.8466
法國大革命	8	12	-4	0.8466
威胁	8	12	-4	0.8466
调节	8	12	-4	0.8466
黨	8	12	-4	0.8466
種意	8	12	-4	0.8466
知情权	8	12	-4	0.8466
保障	64	96	-32	0.8466
對許	16	24	-8	0.8466
翻译	8	12	-4	0.8466
获	8	12	-4	0.8466
剝奪	8	12	-4	0.8466
岂	16	24	-8	0.8466
著羊群	8	12	-4	0.8466
瓦名画	8	12	-4	0.8466
本来面目	16	24	-8	0.8466
经验主义	8	12	-4	0.8466
词组	8	12	-4	0.8466
s	8	12	-4	0.8466
人才	16	24	-8	0.8466
冲破	8	12	-4	0.8466
既然人	8	12	-4	0.8466
简略	8	12	-4	0.8466
纳入	16	24	-8	0.8466
還	16	24	-8	0.8466
体制	8	12	-4	0.8466
来说	8	12	-4	0.8466
散佈	8	12	-4	0.8466
之前	8	12	-4	0.8466
分别	16	24	-8	0.8466
伦理	16	24	-8	0.8466
显得	8	12	-4	0.8466
趨	8	12	-4	0.8466
彻底	8	12	-4	0.8466
存档	64	96	-32	0.8466
涵蓋	8	12	-4	0.8466
压抑	8	12	-4	0.8466
識形態	8	12	-4	0.8466
随心所欲	8	12	-4	0.8466
因為	8	12	-4	0.8466
對抗	16	24	-8	0.8466
現時	8	12	-4	0.8466
對國	8	12	-4	0.8466
麼將	8	12	-4	0.8466
最大化	8	12	-4	0.8466
唯独	8	12	-4	0.8466
比伯林	8	12	-4	0.8466
界	8	12	-4	0.8466
对待	8	12	-4	0.8466
限度	32	48	-16	0.8466
时期	8	12	-4	0.8466
視為	32	48	-16	0.8466
胡亚雷斯	8	12	-4	0.8466
呼吁	8	12	-4	0.8466
保衛	8	12	-4	0.8466
給予	8	12	-4	0.8466
生根	8	12	-4	0.8466
应用	8	12	-4	0.8466
链条	16	24	-8	0.8466
傑弗遜	8	12	-4	0.8466
各	32	48	-16	0.8466
高呼	8	12	-4	0.8466
安排	8	12	-4	0.8466
=	32	48	-16	0.8466
佛教徒	8	12	-4	0.8466
行事	16	24	-8	0.8466
密爾對	8	12	-4	0.8466
羁绊	8	12	-4	0.8466
政府论	8	12	-4	0.8466
表現	8	12	-4	0.8466
當代	8	12	-4	0.8466
看法	16	24	-8	0.8466
長期	8	12	-4	0.8466
渴望	16	24	-8	0.8466
?	16	24	-8	0.8466
大多數	32	48	-16	0.8466
全世界	16	24	-8	0.8466
抬头	8	12	-4	0.8466
於擁	8	12	-4	0.8466
贊同	8	12	-4	0.8466
」標題	8	12	-4	0.8466
迷信	8	12	-4	0.8466
修辞	8	12	-4	0.8466
人身	8	12	-4	0.8466
美国	16	24	-8	0.8466
猛烈	8	12	-4	0.8466
凭	16	24	-8	0.8466
弃绝	8	12	-4	0.8466
试图	32	48	-16	0.8466
左翼	16	24	-8	0.8466
肯定	16	24	-8	0.8466
久懷忿	8	12	-4	0.8466
堅持	8	12	-4	0.8466
停留	8	12	-4	0.8466
减少	8	12	-4	0.8466
必	16	24	-8	0.8466
什麼	8	12	-4	0.8466
新民	8	12	-4	0.8466
表达权	8	12	-4	0.8466
美术	8	12	-4	0.8466
条目	32	48	-16	0.8466
講	8	12	-4	0.8466
绝对化	16	24	-8	0.8466
无限	8	12	-4	0.8466
阶段	8	12	-4	0.8466
文藝	8	12	-4	0.8466
玷污	8	12	-4	0.8466
獨特	8	12	-4	0.8466
认	8	12	-4	0.8466
鞏固	8	12	-4	0.8466
意義	16	24	-8	0.8466
打开	8	12	-4	0.8466
稱呼現代	16	24	-8	0.8466
世界大戰	8	12	-4	0.8466
法規	8	12	-4	0.8466
必定	16	24	-8	0.8466
意志派	8	12	-4	0.8466
条	16	24	-8	0.8466
清醒	8	12	-4	0.8466
总合	8	12	-4	0.8466
則開	8	12	-4	0.8466
辩	8	12	-4	0.8466
调	16	24	-8	0.8466
名稱	8	12	-4	0.8466
归	16	24	-8	0.8466
仔细	8	12	-4	0.8466
运转	8	12	-4	0.8466
荒謬	8	12	-4	0.8466
縮	8	12	-4	0.8466
旗	16	24	-8	0.8466
分限	8	12	-4	0.8466
整体性	8	12	-4	0.8466
革命時	8	12	-4	0.8466
反駁	8	12	-4	0.8466
履行	8	12	-4	0.8466
专制	16	24	-8	0.8466
創立	16	24	-8	0.8466
归纳	8	12	-4	0.8466
必将	8	12	-4	0.8466
對「	8	12	-4	0.8466
奠基	8	12	-4	0.8466
清楚	8	12	-4	0.8466
玄妙	8	12	-4	0.8466
希腊	8	12	-4	0.8466
呼声	8	12	-4	0.8466
死亡	8	12	-4	0.8466
財產權	8	12	-4	0.8466
為目標	8	12	-4	0.8466
賦	8	12	-4	0.8466
數	8	12	-4	0.8466
管	32	48	-16	0.8466
夠組	8	12	-4	0.8466
程度	32	48	-16	0.8466
空洞	8	12	-4	0.8466
捍衛	16	24	-8	0.8466
满意	8	12	-4	0.8466
谱系	8	12	-4	0.8466
识	8	12	-4	0.8466
别人	32	48	-16	0.8466
丹尼特论	8	12	-4	0.8466
築索	16	24	-8	0.8466
六	8	12	-4	0.8466
評論	8	12	-4	0.8466
抹滅	32	48	-16	0.8466
追	8	12	-4	0.8466
著積	16	24	-8	0.8466
極右翼	16	24	-8	0.8466
社会学	16	24	-8	0.8466
義認	8	12	-4	0.8466
表面	8	12	-4	0.8466
可取	8	12	-4	0.8466
还有	8	12	-4	0.8466
丘為君	8	12	-4	0.8466
太	16	24	-8	0.8466
正义	8	12	-4	0.8466
間產生	8	12	-4	0.8466
属于	32	48	-16	0.8466
Limits	8	12	-4	0.8466
爭理論	8	12	-4	0.8466
論文	8	12	-4	0.8466
對社	8	12	-4	0.8466
断	8	12	-4	0.8466
重要性	16	24	-8	0.8466
场	8	12	-4	0.8466
挥	8	12	-4	0.8466
表述	32	48	-16	0.8466
抹煞性	8	12	-4	0.8466
筹划	8	12	-4	0.8466
對現代	8	12	-4	0.8466
為真	8	12	-4	0.8466
无论	16	24	-8	0.8466
們觀點	8	12	-4	0.8466
接近	8	12	-4	0.8466
濫用	8	12	-4	0.8466
确	8	12	-4	0.8466
帶	8	12	-4	0.8466
論認為	16	24	-8	0.8466
體間	8	12	-4	0.8466
徜徉	8	12	-4	0.8466
間沒	8	12	-4	0.8466
并且	16	24	-8	0.8466
劳动	8	12	-4	0.8466
终极	16	24	-8	0.8466
Archive	8	12	-4	0.8466
意志對	8	12	-4	0.8466
超过	8	12	-4	0.8466
上面	8	12	-4	0.8466
唯一	8	12	-4	0.8466
知道	8	12	-4	0.8466
部份	8	12	-4	0.8466
承擔	8	12	-4	0.8466
重视	8	12	-4	0.8466
抗	8	12	-4	0.8466
全能	8	12	-4	0.8466
考人	8	12	-4	0.8466
往往	8	12	-4	0.8466
合理性	8	12	-4	0.8466
概括	8	12	-4	0.8466
信条	8	12	-4	0.8466
to	8	12	-4	0.8466
当然	8	12	-4	0.8466
愿景	8	12	-4	0.8466
他国	8	12	-4	0.8466
社會平	8	12	-4	0.8466
外	16	24	-8	0.8466
应该	16	24	-8	0.8466
典型	8	12	-4	0.8466
相当	8	12	-4	0.8466
建立	88	132	-44	0.8466
领	8	12	-4	0.8466
「個性	8	12	-4	0.8466
侵	8	12	-4	0.8466
論證	8	12	-4	0.8466
基礎	16	24	-8	0.8466
矣	8	12	-4	0.8466
组成	8	12	-4	0.8466
触及	8	12	-4	0.8466
芬蘭	8	12	-4	0.8466
感觉	8	12	-4	0.8466
危机	8	12	-4	0.8466
注意	8	12	-4	0.8466
特別	8	12	-4	0.8466
主義對	8	12	-4	0.8466
普遍	64	96	-32	0.8466
使用者	16	24	-8	0.8466
哈耶克論	8	12	-4	0.8466
并非	16	24	-8	0.8466
从心所欲	8	12	-4	0.8466
極	16	24	-8	0.8466
展	8	12	-4	0.8466
再	16	24	-8	0.8466
形成	32	48	-16	0.8466
這種	64	96	-32	0.8466
古拉丁语	8	12	-4	0.8466
圣经	8	12	-4	0.8466
喀爾文	8	12	-4	0.8466
予	8	12	-4	0.8466
尊严	8	12	-4	0.8466
达成	16	24	-8	0.8466
呈现	8	12	-4	0.8466
消失	8	12	-4	0.8466
中旬	16	24	-8	0.8466
意圖	8	12	-4	0.8466
恋爱	8	12	-4	0.8466
看成	16	24	-8	0.8466
天人	8	12	-4	0.8466
靠	8	12	-4	0.8466
奥巴马	8	12	-4	0.8466
马克思主义者	8	12	-4	0.8466
论点	8	12	-4	0.8466
涵盖	16	24	-8	0.8466
阿尔法罗	8	12	-4	0.8466
⑥	8	12	-4	0.8466
社会民主主义者	8	12	-4	0.8466
古	8	12	-4	0.8466
由此	8	12	-4	0.8466
碎片化	8	12	-4	0.8466
就算	8	12	-4	0.8466
語言」	8	12	-4	0.8466
機會	32	48	-16	0.8466
為极权主义	8	12	-4	0.8466
t	8	12	-4	0.8466
任性	8	12	-4	0.8466
依靠	8	12	-4	0.8466
凯恩斯	8	12	-4	0.8466
侵害	32	48	-16	0.8466
何	16	24	-8	0.8466
零碎	8	12	-4	0.8466
LYMEC	8	12	-4	0.8466
波	8	12	-4	0.8466
同生	8	12	-4	0.8466
作出	8	12	-4	0.8466
引申	8	12	-4	0.8466
國與英	8	12	-4	0.8466
决定	16	24	-8	0.8466
清末	8	12	-4	0.8466
普及度	8	12	-4	0.8466
論與	32	48	-16	0.8466
非情愿	8	12	-4	0.8466
主義哲	8	12	-4	0.8466
善人	8	12	-4	0.8466
阵营	8	12	-4	0.8466
成為	16	24	-8	0.8466
自以为是	8	12	-4	0.8466
Free	16	24	-8	0.8466
林毓生	16	24	-8	0.8466
贯通	8	12	-4	0.8466
為預	8	12	-4	0.8466
意志兩者	8	12	-4	0.8466
統治者	8	12	-4	0.8466
時代	16	24	-8	0.8466
「市	8	12	-4	0.8466
恶有恶报	8	12	-4	0.8466
根植	8	12	-4	0.8466
促長	8	12	-4	0.8466
舆论	8	12	-4	0.8466
為與社	8	12	-4	0.8466
舉權	8	12	-4	0.8466
没	8	12	-4	0.8466
評則	8	12	-4	0.8466
身体	16	24	-8	0.8466
周保松	16	24	-8	0.8466
已婚	8	12	-4	0.8466
意志成為	8	12	-4	0.8466
抢占	16	24	-8	0.8466
应当	16	24	-8	0.8466
為決	8	12	-4	0.8466
Sartori	8	12	-4	0.8466
严复	8	12	-4	0.8466
英裔	8	12	-4	0.8466
表达	88	132	-44	0.8466
Peter	16	24	-8	0.8466
近代史	8	12	-4	0.8466
H2	8	12	-4	0.8466
已经	8	12	-4	0.8466
來取	8	12	-4	0.8466
小	8	12	-4	0.8466
政治理	8	12	-4	0.8466
本質	8	12	-4	0.8466
`個人	8	12	-4	0.8466
足以	8	12	-4	0.8466
素所	8	12	-4	0.8466
教条	8	12	-4	0.8466
義為	8	12	-4	0.8466
形式性	16	24	-8	0.8466
歐盟	16	24	-8	0.8466
有助于	8	12	-4	0.8466
主義裡	8	12	-4	0.8466
對成為	8	12	-4	0.8466
身上	8	12	-4	0.8466
芬兰	8	12	-4	0.8466
涉	8	12	-4	0.8466
纯粹	16	24	-8	0.8466
下跌	8	12	-4	0.8466
阿德勒對	8	12	-4	0.8466
深感	8	12	-4	0.8466
感性	8	12	-4	0.8466
須用	8	12	-4	0.8466
架構	8	12	-4	0.8466
误解	16	24	-8	0.8466
壓抑	8	12	-4	0.8466
性	16	24	-8	0.8466
良好	8	12	-4	0.8466
建树	8	12	-4	0.8466
雅	8	12	-4	0.8466
公行	8	12	-4	0.8466
友爱	8	12	-4	0.8466
空中	8	12	-4	0.8466
則強調	16	24	-8	0.8466
特权	8	12	-4	0.8466
無論	8	12	-4	0.8466
用于	8	12	-4	0.8466
日本	16	24	-8	0.8466
反抗	16	24	-8	0.8466
發	8	12	-4	0.8466
教	16	24	-8	0.8466
瑶族	8	12	-4	0.8466
样人	8	12	-4	0.8466
著許	8	12	-4	0.8466
靈魂	8	12	-4	0.8466
力图	16	24	-8	0.8466
扛	8	12	-4	0.8466
17％	8	12	-4	0.8466
運動	32	48	-16	0.8466
均	8	12	-4	0.8466
量子	8	12	-4	0.8466
张君劢	16	24	-8	0.8466
当中	8	12	-4	0.8466
識形	8	12	-4	0.8466
义务性	8	12	-4	0.8466
措施	8	12	-4	0.8466
向	64	96	-32	0.8466
兩名對	8	12	-4	0.8466
断言	8	12	-4	0.8466
自由與	8	12	-4	0.8466
排除	16	24	-8	0.8466
种类	8	12	-4	0.8466
事情	16	24	-8	0.8466
Liberta	8	12	-4	0.8466
进化	8	12	-4	0.8466
Autonomy	8	12	-4	0.8466
变化	8	12	-4	0.8466
增長	8	12	-4	0.8466
宣布	8	12	-4	0.8466
便流	8	12	-4	0.8466
抹杀	16	24	-8	0.8466
即除	8	12	-4	0.8466
依然	8	12	-4	0.8466
工作者	8	12	-4	0.8466
抵制	16	24	-8	0.8466
教義派	8	12	-4	0.8466
既然	8	12	-4	0.8466
项	16	24	-8	0.8466
高速	8	12	-4	0.8466
並且	8	12	-4	0.8466
消极观	8	12	-4	0.8466
婚俗	8	12	-4	0.8466
藉由自由	8	12	-4	0.8466
組	8	12	-4	0.8466
麽還	8	12	-4	0.8466
斷	8	12	-4	0.8466
人际	8	12	-4	0.8466
汝	8	12	-4	0.8466
等于	8	12	-4	0.8466
譯名	16	24	-8	0.8466
組成	16	24	-8	0.8466
原意	8	12	-4	0.8466
要素	8	12	-4	0.8466
尚	8	12	-4	0.8466
來正	8	12	-4	0.8466
同於	8	12	-4	0.8466
稳定	8	12	-4	0.8466
對手	8	12	-4	0.8466
公營	8	12	-4	0.8466
則對於	8	12	-4	0.8466
西班牙语	8	12	-4	0.8466
行動者	8	12	-4	0.8466
父权	8	12	-4	0.8466
洞見	8	12	-4	0.8466
偷生	8	12	-4	0.8466
前	16	24	-8	0.8466
汤玛斯	8	12	-4	0.8466
幻想	8	12	-4	0.8466
毁灭	8	12	-4	0.8466
Gun	16	24	-8	0.8466
诺莎	8	12	-4	0.8466
对恶	8	12	-4	0.8466
政權	8	12	-4	0.8466
方案	16	24	-8	0.8466
类比	8	12	-4	0.8466
误认	8	12	-4	0.8466
区别	32	48	-16	0.8466
人性	16	24	-8	0.8466
然而	16	24	-8	0.8466
大革命史	8	12	-4	0.8466
淫泆	8	12	-4	0.8466
愛	8	12	-4	0.8466
張	8	12	-4	0.8466
赐	8	12	-4	0.8466
妇女	8	12	-4	0.8466
劉擎	8	12	-4	0.8466
則擁	8	12	-4	0.8466
意誌	16	24	-8	0.8466
有悖于	16	24	-8	0.8466
封建主义	16	24	-8	0.8466
同学	8	12	-4	0.8466
乞死	8	12	-4	0.8466
當時	8	12	-4	0.8466
朝政	8	12	-4	0.8466
國大革命	8	12	-4	0.8466
Randolph	8	12	-4	0.8466
压迫	8	12	-4	0.8466
容	8	12	-4	0.8466
客观	16	24	-8	0.8466
深入	32	48	-16	0.8466
緊密	8	12	-4	0.8466
妨碍	8	12	-4	0.8466
强	8	12	-4	0.8466
試著	8	12	-4	0.8466
弥	8	12	-4	0.8466
並獲	8	12	-4	0.8466
掩盖	8	12	-4	0.8466
贵族	8	12	-4	0.8466
明明德	8	12	-4	0.8466
君主	8	12	-4	0.8466
oldid	16	24	-8	0.8466
⑤	8	12	-4	0.8466
法西	8	12	-4	0.8466
合乎	8	12	-4	0.8466
必勝	8	12	-4	0.8466
野狐禅	8	12	-4	0.8466
堅定	8	12	-4	0.8466
協商	8	12	-4	0.8466
知識	8	12	-4	0.8466
未必	8	12	-4	0.8466
教權	8	12	-4	0.8466
②	8	12	-4	0.8466
复杂	16	24	-8	0.8466
解放」	8	12	-4	0.8466
展现	8	12	-4	0.8466
」這	8	12	-4	0.8466
評會	8	12	-4	0.8466
以外	8	12	-4	0.8466
再度	32	48	-16	0.8466
維持市	8	12	-4	0.8466
念念在兹	8	12	-4	0.8466
並達	8	12	-4	0.8466
照面	16	24	-8	0.8466
ownership	16	24	-8	0.8466
權威與	16	24	-8	0.8466
跟	16	24	-8	0.8466
奪取	8	12	-4	0.8466
意志明顯	8	12	-4	0.8466
物化	8	12	-4	0.8466
在世	8	12	-4	0.8466
會與	8	12	-4	0.8466
消歧義	8	12	-4	0.8466
18世紀	8	12	-4	0.8466
扎根	8	12	-4	0.8466
对比	16	24	-8	0.8466
实际上	8	12	-4	0.8466
化	8	12	-4	0.8466
推动	8	12	-4	0.8466
裡	16	24	-8	0.8466
擁	16	24	-8	0.8466
談論	8	12	-4	0.8466
涉及	16	24	-8	0.8466
群整	8	12	-4	0.8466
分支	8	12	-4	0.8466
便	32	48	-16	0.8466
情绪	16	24	-8	0.8466
著擁	8	12	-4	0.8466
贊成	8	12	-4	0.8466
政	16	24	-8	0.8466
！	16	24	-8	0.8466
們會	8	12	-4	0.8466
离	8	12	-4	0.8466
接下來	8	12	-4	0.8466
逻辑	16	24	-8	0.8466
過程	8	12	-4	0.8466
中國	32	48	-16	0.8466
轻松	8	12	-4	0.8466
做出	8	12	-4	0.8466
〉	32	48	-16	0.8466
傳統	16	24	-8	0.8466
范畴	16	24	-8	0.8466
感官	8	12	-4	0.8466
欲	8	12	-4	0.8466
精辟	8	12	-4	0.8466
啟蒙	8	12	-4	0.8466
知名	8	12	-4	0.8466
特征	32	48	-16	0.8466
境地	8	12	-4	0.8466
动	8	12	-4	0.8466
得以	8	12	-4	0.8466
关于	88	132	-44	0.8466
公众	8	12	-4	0.8466
待來	8	12	-4	0.8466
探索	16	24	-8	0.8466
社會裡	8	12	-4	0.8466
paidia	8	12	-4	0.8466
准确	8	12	-4	0.8466
期	8	12	-4	0.8466
延伸	32	48	-16	0.8466
深度	8	12	-4	0.8466
並免	8	12	-4	0.8466
憲法	16	24	-8	0.8466
版本	8	12	-4	0.8466
滋生	8	12	-4	0.8466
中间派	16	24	-8	0.8466
憂慮	8	12	-4	0.8466
慷慨	16	24	-8	0.8466
针对	8	12	-4	0.8466
主要	64	96	-32	0.8466
采取	8	12	-4	0.8466
反之亦然	8	12	-4	0.8466
因而	16	24	-8	0.8466
看出	8	12	-4	0.8466
日益	8	12	-4	0.8466
还是	72	108	-36	0.8466
蔑视	8	12	-4	0.8466
溫和	8	12	-4	0.8466
確有	8	12	-4	0.8466
厭惡	8	12	-4	0.8466
1942年	8	12	-4	0.8466
有限	8	12	-4	0.8466
法治	32	48	-16	0.8466
致動	8	12	-4	0.8466
廣泛	16	24	-8	0.8466
兩種	8	12	-4	0.8466
O	8	12	-4	0.8466
於何	8	12	-4	0.8466
適用	8	12	-4	0.8466
民阶级	8	12	-4	0.8466
天子	8	12	-4	0.8466
清除	8	12	-4	0.8466
柏林	8	12	-4	0.8466
意见	8	12	-4	0.8466
善行	8	12	-4	0.8466
志」	8	12	-4	0.8466
城乡	32	48	-16	0.8466
謂	8	12	-4	0.8466
尼采	8	12	-4	0.8466
内在	16	24	-8	0.8466
集体	16	24	-8	0.8466
文主	8	12	-4	0.8466
自由区	8	12	-4	0.8466
闲暇	8	12	-4	0.8466
neoliberalism	16	24	-8	0.8466
推向	16	24	-8	0.8466
秩序	32	48	-16	0.8466
富裕	8	12	-4	0.8466
投票	8	12	-4	0.8466
認為「	8	12	-4	0.8466
叫	16	24	-8	0.8466
终于	8	12	-4	0.8466
剝削	16	24	-8	0.8466
恰當	8	12	-4	0.8466
支撐	8	12	-4	0.8466
单纯	16	24	-8	0.8466
刺激	8	12	-4	0.8466
直觉	16	24	-8	0.8466
將人類	8	12	-4	0.8466
抽象	32	48	-16	0.8466
凡是	8	12	-4	0.8466
模式	8	12	-4	0.8466
过程	8	12	-4	0.8466
教對	8	12	-4	0.8466
密尔	16	24	-8	0.8466
經濟係	8	12	-4	0.8466
Steiner	16	24	-8	0.8466
抵擋	8	12	-4	0.8466
最近	8	12	-4	0.8466
IFLRY	8	12	-4	0.8466
保卫者	8	12	-4	0.8466
不确定性	8	12	-4	0.8466
哲学界	8	12	-4	0.8466
競爭	8	12	-4	0.8466
許多	16	24	-8	0.8466
資產	8	12	-4	0.8466
南美洲	8	12	-4	0.8466
农民	8	12	-4	0.8466
理學界	8	12	-4	0.8466
方正	8	12	-4	0.8466
出來	8	12	-4	0.8466
那些	32	48	-16	0.8466
持枪	16	24	-8	0.8466
主義黨人	8	12	-4	0.8466
們俱備	16	24	-8	0.8466
风范	8	12	-4	0.8466
学生	16	24	-8	0.8466
流派	16	24	-8	0.8466
拒绝	8	12	-4	0.8466
弊端	8	12	-4	0.8466
来不	8	12	-4	0.8466
强烈	8	12	-4	0.8466
免于	8	12	-4	0.8466
場經濟	8	12	-4	0.8466
什麽	8	12	-4	0.8466
关心	16	24	-8	0.8466
证明	8	12	-4	0.8466
相比	16	24	-8	0.8466
計畫	8	12	-4	0.8466
情緒	8	12	-4	0.8466
工具	16	24	-8	0.8466
藝術	16	24	-8	0.8466
Relial	8	12	-4	0.8466
之上	8	12	-4	0.8466
显然	8	12	-4	0.8466
擴大	8	12	-4	0.8466
审视	16	24	-8	0.8466
免于什	8	12	-4	0.8466
人为	8	12	-4	0.8466
贸易圈	16	24	-8	0.8466
遭受	8	12	-4	0.8466
與法	8	12	-4	0.8466
动机	8	12	-4	0.8466
知识	8	12	-4	0.8466
推翻	8	12	-4	0.8466
php	16	24	-8	0.8466
学界	8	12	-4	0.8466
主張則	8	12	-4	0.8466
行為	8	12	-4	0.8466
主義有	8	12	-4	0.8466
专制主义	8	12	-4	0.8466
瓦解	8	12	-4	0.8466
划分	64	96	-32	0.8466
探討	8	12	-4	0.8466
物质	16	24	-8	0.8466
各自	8	12	-4	0.8466
爱	8	12	-4	0.8466
里德	8	12	-4	0.8466
近年	8	12	-4	0.8466
們認為	8	12	-4	0.8466
定论	8	12	-4	0.8466
尝试	8	12	-4	0.8466
夠達	8	12	-4	0.8466
總結	8	12	-4	0.8466
弗里德里克	8	12	-4	0.8466
Dewey	8	12	-4	0.8466
叔	8	12	-4	0.8466
格林	8	12	-4	0.8466
无往	8	12	-4	0.8466
保證	8	12	-4	0.8466
認為仇	8	12	-4	0.8466
纪律	8	12	-4	0.8466
背景	8	12	-4	0.8466
適	8	12	-4	0.8466
果律	8	12	-4	0.8466
兩方面	8	12	-4	0.8466
格	8	12	-4	0.8466
纯正	8	12	-4	0.8466
私	8	12	-4	0.8466
毁	8	12	-4	0.8466
東西	8	12	-4	0.8466
緩衝	16	24	-8	0.8466
來說	8	12	-4	0.8466
论题	8	12	-4	0.8466
川普	8	12	-4	0.8466
资源	8	12	-4	0.8466
七	8	12	-4	0.8466
擁護	8	12	-4	0.8466
辯護	8	12	-4	0.8466
動理論	8	12	-4	0.8466
称之为	8	12	-4	0.8466
視這	16	24	-8	0.8466
难题	16	24	-8	0.8466
'	8	12	-4	0.8466
人權	16	24	-8	0.8466
促	8	12	-4	0.8466
稱	8	12	-4	0.8466
层面	16	24	-8	0.8466
世亲	8	12	-4	0.8466
大意	8	12	-4	0.8466
很	16	24	-8	0.8466
心理学	8	12	-4	0.8466
陷入	8	12	-4	0.8466
註重個人	8	12	-4	0.8466
贡斯	8	12	-4	0.8466
猶太	8	12	-4	0.8466
捍卫	16	24	-8	0.8466
名為	8	12	-4	0.8466
&	16	24	-8	0.8466
时代	16	24	-8	0.8466
话题	8	12	-4	0.8466
损失	8	12	-4	0.8466
没有	190	286	-96	0.8437
存在	183	276	-93	0.8420
冲突	92	139	-47	0.8406
們	86	130	-44	0.8401
教育	70	106	-36	0.8387
理想	70	106	-36	0.8387
制度	64	97	-33	0.8379
需要	60	91	-31	0.8373
下	112	170	-58	0.8367
信仰	108	164	-56	0.8363
契約	46	70	-24	0.8346
決定論	46	70	-24	0.8346
围绕	46	70	-24	0.8346
关系	88	134	-46	0.8340
个人	212	323	-111	0.8335
理论	80	122	-42	0.8328
只有	40	61	-21	0.8328
交换	38	58	-20	0.8321
经过	38	58	-20	0.8321
现实	38	58	-20	0.8321
商品	38	58	-20	0.8321
当	38	58	-20	0.8321
、	988	1513	-525	0.8293
；	248	380	-132	0.8288
重視	30	46	-16	0.8282
生产	30	46	-16	0.8282
寬容	15	23	-8	0.8282
另	30	46	-16	0.8282
觀點	56	86	-30	0.8270
免	96	148	-52	0.8238
百科	88	136	-48	0.8217
罗	22	34	-12	0.8217
用	40	62	-22	0.8193
匮乏	36	56	-20	0.8164
《	93	145	-52	0.8145
19	14	22	-8	0.8082
示威	14	22	-8	0.8082
定	56	88	-32	0.8082
束縛	14	22	-8	0.8082
改良	14	22	-8	0.8082
翻譯為	14	22	-8	0.8082
运用	14	22	-8	0.8082
更改	14	22	-8	0.8082
於意識	14	22	-8	0.8082
凱恩斯	14	22	-8	0.8082
仇恨	14	22	-8	0.8082
继续	14	22	-8	0.8082
如性	14	22	-8	0.8082
广阔	14	22	-8	0.8082
任何人	14	22	-8	0.8082
意念	14	22	-8	0.8082
发挥	14	22	-8	0.8082
放	14	22	-8	0.8082
潮流	14	22	-8	0.8082
相對	14	22	-8	0.8082
本	26	41	-15	0.8053
经济学	38	60	-22	0.8043
法律	93	147	-54	0.8035
佛教	44	70	-26	0.7983
自然	54	86	-32	0.7974
独立	20	32	-12	0.7937
定义	76	122	-46	0.7911
與	62	100	-38	0.7874
我	78	126	-48	0.7862
首先	16	26	-10	0.7815
1	11	18	-7	0.7761
^	47	77	-30	0.7752
智	6	10	-4	0.7620
朋友	6	10	-4	0.7620
煽动	6	10	-4	0.7620
哲学史	6	10	-4	0.7620
除外	6	10	-4	0.7620
游行	6	10	-4	0.7620
惊奇	12	20	-8	0.7620
數人	6	10	-4	0.7620
即兴	6	10	-4	0.7620
定義為	6	10	-4	0.7620
全球化	12	20	-8	0.7620
18	6	10	-4	0.7620
造谣	6	10	-4	0.7620
自主性	6	10	-4	0.7620
匹配	6	10	-4	0.7620
聖誕	6	10	-4	0.7620
亚当斯	6	10	-4	0.7620
阐释	6	10	-4	0.7620
我行我素	6	10	-4	0.7620
關系	6	10	-4	0.7620
封闭	6	10	-4	0.7620
對權力	6	10	-4	0.7620
多樣性	6	10	-4	0.7620
新规	6	10	-4	0.7620
女子	6	10	-4	0.7620
权力	6	10	-4	0.7620
追寻	6	10	-4	0.7620
為名	6	10	-4	0.7620
社群主义	6	10	-4	0.7620
众	6	10	-4	0.7620
趋势	6	10	-4	0.7620
尊嚴	12	20	-8	0.7620
同样	6	10	-4	0.7620
仰	6	10	-4	0.7620
偶然性	6	10	-4	0.7620
多元主义	6	10	-4	0.7620
方法论	12	20	-8	0.7620
隔离	6	10	-4	0.7620
确定性	6	10	-4	0.7620
亚里士	6	10	-4	0.7620
博爱	6	10	-4	0.7620
领域	26	44	-18	0.7504
10	7	12	-5	0.7408
研究	14	24	-10	0.7408
幸福	14	24	-10	0.7408
任务	4	7	-3	0.7257
增加	16	28	-12	0.7257
维基	64	112	-48	0.7257
除	8	14	-6	0.7257
內容	8	14	-6	0.7257
free	24	42	-18	0.7257
4	17	30	-13	0.7197
核心	14	25	-11	0.7112
6	5	9	-4	0.7055
因	22	40	-18	0.6985
3	20	38	-18	0.6684
20	11	21	-10	0.6652
7	13	25	-12	0.6604
成长	6	12	-6	0.6350
​	6	12	-6	0.6350
近代	24	48	-24	0.6350
1970	4	8	-4	0.6350
争议	8	16	-8	0.6350
14	4	8	-4	0.6350
83414279	4	8	-4	0.6350
1980	4	8	-4	0.6350
83608928	4	8	-4	0.6350
适用	6	12	-6	0.6350
5	4	8	-4	0.6350
功利	8	16	-8	0.6350
250	8	16	-8	0.6350
200	4	8	-4	0.6350
2	33	69	-36	0.6074
讨论	36	78	-42	0.5861
苏格拉底	8	18	-10	0.5644
心物	8	18	-10	0.5644
二元论	8	18	-10	0.5644
洛克	8	18	-10	0.5644
协定	8	18	-10	0.5644
共和制	8	18	-10	0.5644
天主教	16	36	-20	0.5644
[	78	176	-98	0.5628
]	61	152	-91	0.5097
关注	28	71	-43	0.5008
页	14	36	-22	0.4939
和平	4	11	-7	0.4618
释义	4	11	-7	0.4618
連結	8	22	-14	0.4618
语言	8	22	-14	0.4618
學	6	18	-12	0.4233
8	1	3	-2	0.4233
倫理	8	24	-16	0.4233
德性	8	24	-16	0.4233
2024	4	12	-8	0.4233
论	16	56	-40	0.3628
-	32	140	-108	0.2903
编辑	30	140	-110	0.2721
登录	0	18	-18	0.0000
06	0	1	-1	0.0000
百科团队	0	18	-18	0.0000
概觀	0	4	-4	0.0000
特点	0	6	-6	0.0000
Epicurean	6	0	6	0.0000
爭與	0	4	-4	0.0000
討	6	0	6	0.0000
產階級	0	2	-2	0.0000
缘何	6	0	6	0.0000
法部	2	0	2	0.0000
門	2	0	2	0.0000
共识	0	6	-6	0.0000
有利於	0	2	-2	0.0000
猶太教	0	6	-6	0.0000
槍	0	6	-6	0.0000
本质主义	0	6	-6	0.0000
宋代	0	2	-2	0.0000
97	0	2	-2	0.0000
管理	6	0	6	0.0000
and	6	0	6	0.0000
工业革命	0	6	-6	0.0000
場失靈	0	4	-4	0.0000
编	0	36	-36	0.0000
作者	0	19	-19	0.0000
武汉	0	2	-2	0.0000
麦迪逊	0	2	-2	0.0000
伊斯蘭教	0	6	-6	0.0000
11	0	4	-4	0.0000
虚无主义	6	0	6	0.0000
Liberty	0	6	-6	0.0000
伴侶	1	0	1	0.0000
Paradox	6	0	6	0.0000
简介	0	6	-6	0.0000
注册	0	18	-18	0.0000
45	4	0	4	0.0000
素养	0	2	-2	0.0000
词源	0	1	-1	0.0000
主專制	4	0	4	0.0000
黄河	0	4	-4	0.0000
>	0	24	-24	0.0000
zì	0	6	-6	0.0000
2019	0	5	-5	0.0000
「形而上	2	0	2	0.0000
下發動	0	2	-2	0.0000
心物调	0	2	-2	0.0000
貨幣	6	0	6	0.0000
身边	6	0	6	0.0000
正式	0	6	-6	0.0000
Afrikaans	0	8	-8	0.0000
福利制	6	0	6	0.0000
ì	0	6	-6	0.0000
條目	0	14	-14	0.0000
+	0	22	-22	0.0000
趨勢	6	0	6	0.0000
时刻	0	1	-1	0.0000
机械唯物主义	0	6	-6	0.0000
存	6	0	6	0.0000
援助	0	6	-6	0.0000
费尔巴	0	6	-6	0.0000
多邊	6	0	6	0.0000
参见	0	12	-12	0.0000
传视	0	12	-12	0.0000
查	0	42	-42	0.0000
美德	0	6	-6	0.0000
关联	0	12	-12	0.0000
盡責	6	0	6	0.0000
确保	0	2	-2	0.0000
自治	0	2	-2	0.0000
障	6	0	6	0.0000
許無法	0	2	-2	0.0000
工作	6	0	6	0.0000
115	0	2	-2	0.0000
勞工	0	2	-2	0.0000
儲蓄	0	2	-2	0.0000
建設	2	0	2	0.0000
外部	0	4	-4	0.0000
政府主义	12	0	12	0.0000
社会科学	0	6	-6	0.0000
合作	0	18	-18	0.0000
價格	6	0	6	0.0000
真实	0	1	-1	0.0000
2000	1	0	1	0.0000
大量	0	4	-4	0.0000
历程	0	6	-6	0.0000
章節	0	4	-4	0.0000
17	0	2	-2	0.0000
詹姆斯	0	2	-2	0.0000
无神论	0	6	-6	0.0000
2021	0	6	-6	0.0000
--	822	0	822	0.0000
进展	0	2	-2	0.0000
社科	0	18	-18	0.0000
修補市	0	2	-2	0.0000
君	6	0	6	0.0000
分权	2	0	2	0.0000
源	0	6	-6	0.0000
2023	0	4	-4	0.0000
點頭罷	0	2	-2	0.0000
收藏	0	18	-18	0.0000
戰	0	4	-4	0.0000
12	0	2	-2	0.0000
穩定	6	0	6	0.0000
立場	1	0	1	0.0000
转向	0	2	-2	0.0000
外观	0	16	-16	0.0000
老子	0	12	-12	0.0000
媒介	0	2	-2	0.0000
will	0	6	-6	0.0000
主主	6	0	6	0.0000
treatment	6	0	6	0.0000
约翰	0	6	-6	0.0000
特殊主义	0	12	-12	0.0000
本网	0	30	-30	0.0000
Involuntary	6	0	6	0.0000
挑	4	0	4	0.0000
中心	0	18	-18	0.0000
检索	6	0	6	0.0000
目录	0	16	-16	0.0000
改变	6	0	6	0.0000
*	6	0	6	0.0000
播报	0	52	-52	0.0000
查證	0	2	-2	0.0000
苏德	0	4	-4	0.0000
綑綁	0	2	-2	0.0000
权威	0	18	-18	0.0000
space	6	0	6	0.0000
报	0	6	-6	0.0000
网	0	6	-6	0.0000
频	0	6	-6	0.0000
yóu	0	12	-12	0.0000
绝对主义	0	12	-12	0.0000
0有用	0	18	-18	0.0000
经验	0	6	-6	0.0000
贾媛媛	0	4	-4	0.0000
开关	0	12	-12	0.0000
07	0	2	-2	0.0000
z	0	6	-6	0.0000
來達	0	2	-2	0.0000
原创	0	36	-36	0.0000
自主原	0	6	-6	0.0000
華人	0	4	-4	0.0000
集產	6	0	6	0.0000
证据	6	0	6	0.0000
探源	0	6	-6	0.0000
事務	6	0	6	0.0000
卡	2	0	2	0.0000
马克思	0	6	-6	0.0000
